2.881081757139697608e+00,2.896059735007847635e-01,2.896059735007847635e-01,6.158752693288072066e-02,6.158752693288072066e-02,6.245087993401732263e-03,0.000000000000000000e+00,0.000000000000000000e+00,0.000000000000000000e+00,0.000000000000000000e+00,0.000000000000000000e+00
8.392000078111419015e-01,8.392000078111419015e-01,8.392000078111419015e-01,0.000000000000000000e+00,0.000000000000000000e+00,0.000000000000000000e+00,0.000000000000000000e+00,0.000000000000000000e+00,0.000000000000000000e+00,0.000000000000000000e+00,0.000000000000000000e+00
1.877259538076133438e+00,1.877259538076133438e+00,1.877259538076133438e+00,3.670819999474570494e-01,6.576290261864592424e-02,0.000000000000000000e+00,0.000000000000000000e+00,0.000000000000000000e+00,0.000000000000000000e+00,0.000000000000000000e+00,0.000000000000000000e+00
1.528787293063689212e+00,1.528787293063689212e+00,1.528787293063689212e+00,8.708612398509414376e-01,8.348945893261294771e-03,0.000000000000000000e+00,0.000000000000000000e+00,0.000000000000000000e+00,0.000000000000000000e+00,0.000000000000000000e+00,0.000000000000000000e+00
1.813817140358284341e+00,1.813817140358284341e+00,1.813817140358284341e+00,1.813817140358284341e+00,1.813817140358284341e+00,1.813817140358284341e+00,1.813817140358284341e+00,1.813817140358284341e+00,1.813817140358284341e+00,1.813817140358284341e+00,1.813817140358284341e+00
2.268877988935415146e+00,2.268877988935415146e+00,1.196454440316053081e+00,1.196454440316053081e+00,1.196454440316053081e+00,9.829498881062184168e-01,9.829498881062184168e-01,3.713952484054070524e-01,0.000000000000000000e+00,0.000000000000000000e+00,0.000000000000000000e+00
1.125017740413278844e+00,5.527682690357265116e-01,1.419797043403381309e-01,0.000000000000000000e+00,0.000000000000000000e+00,0.000000000000000000e+00,0.000000000000000000e+00,0.000000000000000000e+00,0.000000000000000000e+00,0.000000000000000000e+00,0.000000000000000000e+00
2.675522756500107846e+00,1.689407557590332232e-01,1.689407557590332232e-01,3.062415256886730219e-02,0.000000000000000000e+00,0.000000000000000000e+00,0.000000000000000000e+00,0.000000000000000000e+00,0.000000000000000000e+00,0.000000000000000000e+00,0.000000000000000000e+00
1.073886243624203374e+00,1.073886243624203374e+00,0.000000000000000000e+00,0.000000000000000000e+00,0.000000000000000000e+00,0.000000000000000000e+00,0.000000000000000000e+00,0.000000000000000000e+00,0.000000000000000000e+00,0.000000000000000000e+00,0.000000000000000000e+00
1.539062324690583239e-01,4.608452751407199344e-03,4.608452751407199344e-03,4.608452751407199344e-03,0.000000000000000000e+00,0.000000000000000000e+00,0.000000000000000000e+00,0.000000000000000000e+00,0.000000000000000000e+00,0.000000000000000000e+00,0.000000000000000000e+00
3.988795904741126996e+00,3.988795904741126996e+00,3.988795904741126996e+00,0.000000000000000000e+00,0.000000000000000000e+00,0.000000000000000000e+00,0.000000000000000000e+00,0.000000000000000000e+00,0.000000000000000000e+00,0.000000000000000000e+00,0.000000000000000000e+00
6.292051446161384121e-01,5.406449709562237693e-01,1.672553560392948668e-01,1.672553560392948668e-01,1.672553560392948668e-01,6.002121540067406613e-03,0.000000000000000000e+00,0.000000000000000000e+00,0.000000000000000000e+00,0.000000000000000000e+00,0.000000000000000000e+00
2.546266363890333118e+00,2.546266363890333118e+00,3.609841189538549600e-01,4.573153143964070466e-02,0.000000000000000000e+00,0.000000000000000000e+00,0.000000000000000000e+00,0.000000000000000000e+00,0.000000000000000000e+00,0.000000000000000000e+00,0.000000000000000000e+00
1.637845492584571350e+00,1.637845492584571350e+00,1.637845492584571350e+00,1.637845492584571350e+00,1.637845492584571350e+00,1.637845492584571350e+00,1.637845492584571350e+00,1.966786759365657389e-02,0.000000000000000000e+00,0.000000000000000000e+00,0.000000000000000000e+00
6.706495786430783035e+00,5.239204824543767458e+00,5.239204824543767458e+00,1.926103580375038149e-01,1.840639597304072339e-02,0.000000000000000000e+00,0.000000000000000000e+00,0.000000000000000000e+00,0.000000000000000000e+00,0.000000000000000000e+00,0.000000000000000000e+00
1.272117788858422749e+00,1.272117788858422749e+00,3.372666137255286856e-02,3.372666137255286856e-02,0.000000000000000000e+00,0.000000000000000000e+00,0.000000000000000000e+00,0.000000000000000000e+00,0.000000000000000000e+00,0.000000000000000000e+00,0.000000000000000000e+00
2.017153499669365857e+00,7.804090582870291115e-01,7.804090582870291115e-01,2.337654412347847099e-01,1.155427985362735832e-01,1.155427985362735832e-01,1.155427985362735832e-01,1.155427985362735832e-01,1.155427985362735832e-01,1.155427985362735832e-01,1.155427985362735832e-01
1.115179781364404654e+00,1.115179781364404654e+00,3.818973873758295667e-01,3.620540483876650839e-01,0.000000000000000000e+00,0.000000000000000000e+00,0.000000000000000000e+00,0.000000000000000000e+00,0.000000000000000000e+00,0.000000000000000000e+00,0.000000000000000000e+00
3.606015304810509248e-01,3.275673656236928188e-01,3.275673656236928188e-01,3.275673656236928188e-01,8.019789322411696730e-02,6.598507866814162792e-02,6.598507866814162792e-02,6.598507866814162792e-02,6.598507866814162792e-02,6.598507866814162792e-02,6.598507866814162792e-02
1.954791061413931885e-01,1.423553088838938052e-01,1.423553088838938052e-01,0.000000000000000000e+00,0.000000000000000000e+00,0.000000000000000000e+00,0.000000000000000000e+00,0.000000000000000000e+00,0.000000000000000000e+00,0.000000000000000000e+00,0.000000000000000000e+00
4.809649705513177054e-01,0.000000000000000000e+00,0.000000000000000000e+00,0.000000000000000000e+00,0.000000000000000000e+00,0.000000000000000000e+00,0.000000000000000000e+00,0.000000000000000000e+00,0.000000000000000000e+00,0.000000000000000000e+00,0.000000000000000000e+00
2.090769380440024250e+00,8.134727406612913825e-01,0.000000000000000000e+00,0.000000000000000000e+00,0.000000000000000000e+00,0.000000000000000000e+00,0.000000000000000000e+00,0.000000000000000000e+00,0.000000000000000000e+00,0.000000000000000000e+00,0.000000000000000000e+00
1.767762469585569818e+00,2.523640620530489542e-01,2.523640620530489542e-01,4.069693718016331729e-02,4.069693718016331729e-02,4.069693718016331729e-02,4.069693718016331729e-02,4.069693718016331729e-02,4.069693718016331729e-02,4.069693718016331729e-02,4.069693718016331729e-02
4.034088887700848503e-01,1.108084449870609944e-01,1.108084449870609944e-01,0.000000000000000000e+00,0.000000000000000000e+00,0.000000000000000000e+00,0.000000000000000000e+00,0.000000000000000000e+00,0.000000000000000000e+00,0.000000000000000000e+00,0.000000000000000000e+00
5.322714353835708678e+00,4.553773698184945928e+00,4.387765344037695137e+00,4.050137108761806992e+00,4.050137108761806992e+00,3.369364549938438813e+00,6.402197511134044561e-01,6.402197511134044561e-01,4.205666897939579485e-01,0.000000000000000000e+00,0.000000000000000000e+00
3.995191875848572494e+00,1.848663173836005313e+00,1.848663173836005313e+00,1.848663173836005313e+00,0.000000000000000000e+00,0.000000000000000000e+00,0.000000000000000000e+00,0.000000000000000000e+00,0.000000000000000000e+00,0.000000000000000000e+00,0.000000000000000000e+00
2.913585360997603679e+00,6.491192950001689610e-02,6.491192950001689610e-02,6.491192950001689610e-02,0.000000000000000000e+00,0.000000000000000000e+00,0.000000000000000000e+00,0.000000000000000000e+00,0.000000000000000000e+00,0.000000000000000000e+00,0.000000000000000000e+00
6.274668828925711317e-01,3.653150173417820668e-01,1.529884092326652123e-01,1.529884092326652123e-01,1.724259015462159539e-02,0.000000000000000000e+00,0.000000000000000000e+00,0.000000000000000000e+00,0.000000000000000000e+00,0.000000000000000000e+00,0.000000000000000000e+00
3.581171131339555558e-02,0.000000000000000000e+00,0.000000000000000000e+00,0.000000000000000000e+00,0.000000000000000000e+00,0.000000000000000000e+00,0.000000000000000000e+00,0.000000000000000000e+00,0.000000000000000000e+00,0.000000000000000000e+00,0.000000000000000000e+00
1.493254489804150875e+00,1.399994071909213211e+00,1.399994071909213211e+00,1.787882326051315474e-01,1.787882326051315474e-01,1.787882326051315474e-01,1.787882326051315474e-01,1.787882326051315474e-01,1.787882326051315474e-01,0.000000000000000000e+00,0.000000000000000000e+00
1.217964390344119963e+00,7.594861549105340615e-01,7.594861549105340615e-01,7.594861549105340615e-01,4.635414803394084515e-01,4.635414803394084515e-01,1.843295002060170162e-01,2.787333155223770120e-02,0.000000000000000000e+00,0.000000000000000000e+00,0.000000000000000000e+00
8.819737070984245975e-02,2.073901382333431798e-03,0.000000000000000000e+00,0.000000000000000000e+00,0.000000000000000000e+00,0.000000000000000000e+00,0.000000000000000000e+00,0.000000000000000000e+00,0.000000000000000000e+00,0.000000000000000000e+00,0.000000000000000000e+00
5.859358779380007931e+00,4.923506680332708996e+00,4.923506680332708996e+00,3.469938985077113180e+00,3.469938985077113180e+00,7.527344303531826597e-01,7.527344303531826597e-01,1.624058626199662569e-01,1.251866594318613579e-01,1.251866594318613579e-01,2.300785031257746027e-03
1.363723258126269933e+00,1.363723258126269933e+00,1.363723258126269933e+00,5.696629880692727355e-01,4.729230808515438866e-02,4.729230808515438866e-02,4.729230808515438866e-02,2.188192692957535712e-02,2.188192692957535712e-02,0.000000000000000000e+00,0.000000000000000000e+00
3.066155604432140969e+00,3.066155604432140969e+00,1.726420561290965328e+00,1.726420561290965328e+00,1.726420561290965328e+00,1.726420561290965328e+00,1.726420561290965328e+00,1.726420561290965328e+00,0.000000000000000000e+00,0.000000000000000000e+00,0.000000000000000000e+00
4.892032668452950261e-01,3.597744894729073550e-01,3.597744894729073550e-01,3.597744894729073550e-01,3.597744894729073550e-01,3.597744894729073550e-01,3.597744894729073550e-01,3.597744894729073550e-01,3.597744894729073550e-01,3.597744894729073550e-01,3.597744894729073550e-01
2.826289833650356798e+00,2.826289833650356798e+00,2.004840821668111950e+00,2.004840821668111950e+00,2.004840821668111950e+00,2.004840821668111950e+00,2.004840821668111950e+00,2.004840821668111950e+00,2.004840821668111950e+00,2.004840821668111950e+00,2.004840821668111950e+00
4.964707024498462573e-01,4.964707024498462573e-01,4.964707024498462573e-01,1.492207282661599521e-01,4.111876931815316993e-02,4.111876931815316993e-02,4.111876931815316993e-02,4.111876931815316993e-02,3.403373836909295846e-02,2.176227815702880264e-02,2.176227815702880264e-02
5.318883268912879103e+00,5.318883268912879103e+00,5.318883268912879103e+00,7.741346473467975997e-01,3.076915472782815186e-02,3.076915472782815186e-02,0.000000000000000000e+00,0.000000000000000000e+00,0.000000000000000000e+00,0.000000000000000000e+00,0.000000000000000000e+00
1.085143823314730582e+00,5.554019143794874935e-01,5.554019143794874935e-01,5.554019143794874935e-01,5.554019143794874935e-01,5.554019143794874935e-01,3.123458390987678968e-01,1.109717730810011460e-02,1.109717730810011460e-02,0.000000000000000000e+00,0.000000000000000000e+00
3.210653539849027904e+00,5.949756635949370320e-01,5.949756635949370320e-01,3.355413093868975238e-02,0.000000000000000000e+00,0.000000000000000000e+00,0.000000000000000000e+00,0.000000000000000000e+00,0.000000000000000000e+00,0.000000000000000000e+00,0.000000000000000000e+00
4.459799886107477462e+00,4.459799886107477462e+00,1.128506379494587542e+00,1.941338447334768347e-01,0.000000000000000000e+00,0.000000000000000000e+00,0.000000000000000000e+00,0.000000000000000000e+00,0.000000000000000000e+00,0.000000000000000000e+00,0.000000000000000000e+00
1.555068348752856267e+00,0.000000000000000000e+00,0.000000000000000000e+00,0.000000000000000000e+00,0.000000000000000000e+00,0.000000000000000000e+00,0.000000000000000000e+00,0.000000000000000000e+00,0.000000000000000000e+00,0.000000000000000000e+00,0.000000000000000000e+00
1.203303790939521889e+00,4.538728434016281454e-02,4.538728434016281454e-02,2.387648757607951921e-02,0.000000000000000000e+00,0.000000000000000000e+00,0.000000000000000000e+00,0.000000000000000000e+00,0.000000000000000000e+00,0.000000000000000000e+00,0.000000000000000000e+00
7.676426453722688947e-01,7.676426453722688947e-01,2.111374357670809943e-01,0.000000000000000000e+00,0.000000000000000000e+00,0.000000000000000000e+00,0.000000000000000000e+00,0.000000000000000000e+00,0.000000000000000000e+00,0.000000000000000000e+00,0.000000000000000000e+00
4.004179235208056298e-01,0.000000000000000000e+00,0.000000000000000000e+00,0.000000000000000000e+00,0.000000000000000000e+00,0.000000000000000000e+00,0.000000000000000000e+00,0.000000000000000000e+00,0.000000000000000000e+00,0.000000000000000000e+00,0.000000000000000000e+00
1.225124679067576494e+00,7.687838924534027285e-01,4.475097978541064947e-02,4.475097978541064947e-02,5.525788918490093238e-03,0.000000000000000000e+00,0.000000000000000000e+00,0.000000000000000000e+00,0.000000000000000000e+00,0.000000000000000000e+00,0.000000000000000000e+00
4.812919613506849714e-01,4.812919613506849714e-01,4.812919613506849714e-01,3.824902176086446559e-01,1.433844809341717763e-01,1.433844809341717763e-01,1.433844809341717763e-01,0.000000000000000000e+00,0.000000000000000000e+00,0.000000000000000000e+00,0.000000000000000000e+00
9.708270120559401306e-01,1.711683677706954398e-02,0.000000000000000000e+00,0.000000000000000000e+00,0.000000000000000000e+00,0.000000000000000000e+00,0.000000000000000000e+00,0.000000000000000000e+00,0.000000000000000000e+00,0.000000000000000000e+00,0.000000000000000000e+00
4.316853730497097530e+00,4.316853730497097530e+00,4.316853730497097530e+00,4.316853730497097530e+00,4.316853730497097530e+00,2.538047744155143892e+00,2.538047744155143892e+00,2.538047744155143892e+00,0.000000000000000000e+00,0.000000000000000000e+00,0.000000000000000000e+00
8.695315966112371342e-02,0.000000000000000000e+00,0.000000000000000000e+00,0.000000000000000000e+00,0.000000000000000000e+00,0.000000000000000000e+00,0.000000000000000000e+00,0.000000000000000000e+00,0.000000000000000000e+00,0.000000000000000000e+00,0.000000000000000000e+00
1.498739002221475936e+00,0.000000000000000000e+00,0.000000000000000000e+00,0.000000000000000000e+00,0.000000000000000000e+00,0.000000000000000000e+00,0.000000000000000000e+00,0.000000000000000000e+00,0.000000000000000000e+00,0.000000000000000000e+00,0.000000000000000000e+00
2.273199300889998664e+00,1.182327820123768802e+00,1.182327820123768802e+00,3.613963951168575051e-02,0.000000000000000000e+00,0.000000000000000000e+00,0.000000000000000000e+00,0.000000000000000000e+00,0.000000000000000000e+00,0.000000000000000000e+00,0.000000000000000000e+00
1.140241214566572125e+00,1.140241214566572125e+00,1.381682612496621942e-01,5.251625797762571324e-02,0.000000000000000000e+00,0.000000000000000000e+00,0.000000000000000000e+00,0.000000000000000000e+00,0.000000000000000000e+00,0.000000000000000000e+00,0.000000000000000000e+00
1.402216732900388507e+00,3.954654232127996494e-02,2.055380305970810895e-02,0.000000000000000000e+00,0.000000000000000000e+00,0.000000000000000000e+00,0.000000000000000000e+00,0.000000000000000000e+00,0.000000000000000000e+00,0.000000000000000000e+00,0.000000000000000000e+00
9.839211568499210969e-01,9.839211568499210969e-01,0.000000000000000000e+00,0.000000000000000000e+00,0.000000000000000000e+00,0.000000000000000000e+00,0.000000000000000000e+00,0.000000000000000000e+00,0.000000000000000000e+00,0.000000000000000000e+00,0.000000000000000000e+00
5.511217065131397419e+00,6.041564131612044974e-01,4.077258623963357920e-01,0.000000000000000000e+00,0.000000000000000000e+00,0.000000000000000000e+00,0.000000000000000000e+00,0.000000000000000000e+00,0.000000000000000000e+00,0.000000000000000000e+00,0.000000000000000000e+00
3.898668439140784425e+00,1.273175337933418305e+00,3.723220262124353752e-01,1.828278661045725784e-01,1.828278661045725784e-01,0.000000000000000000e+00,0.000000000000000000e+00,0.000000000000000000e+00,0.000000000000000000e+00,0.000000000000000000e+00,0.000000000000000000e+00
6.737369558139748804e+00,5.124121942132900287e+00,5.380742041764410288e-01,0.000000000000000000e+00,0.000000000000000000e+00,0.000000000000000000e+00,0.000000000000000000e+00,0.000000000000000000e+00,0.000000000000000000e+00,0.000000000000000000e+00,0.000000000000000000e+00
5.628088641134656456e+00,1.147347153786800078e+00,1.147347153786800078e+00,0.000000000000000000e+00,0.000000000000000000e+00,0.000000000000000000e+00,0.000000000000000000e+00,0.000000000000000000e+00,0.000000000000000000e+00,0.000000000000000000e+00,0.000000000000000000e+00
2.688034618355973571e+00,1.156674586570201058e-01,1.156674586570201058e-01,0.000000000000000000e+00,0.000000000000000000e+00,0.000000000000000000e+00,0.000000000000000000e+00,0.000000000000000000e+00,0.000000000000000000e+00,0.000000000000000000e+00,0.000000000000000000e+00
3.728445762393346463e+00,2.025561104372269661e+00,2.025561104372269661e+00,2.025561104372269661e+00,3.287923453520917860e-01,3.287923453520917860e-01,1.695306207831492884e-02,0.000000000000000000e+00,0.000000000000000000e+00,0.000000000000000000e+00,0.000000000000000000e+00
1.056213609572864698e-03,1.056213609572864698e-03,0.000000000000000000e+00,0.000000000000000000e+00,0.000000000000000000e+00,0.000000000000000000e+00,0.000000000000000000e+00,0.000000000000000000e+00,0.000000000000000000e+00,0.000000000000000000e+00,0.000000000000000000e+00
1.918234806591019748e+00,1.105710149425716438e+00,1.172821929704985777e-01,1.172821929704985777e-01,6.056076597649884263e-02,0.000000000000000000e+00,0.000000000000000000e+00,0.000000000000000000e+00,0.000000000000000000e+00,0.000000000000000000e+00,0.000000000000000000e+00
1.723897763542395545e+00,1.645631193740018983e+00,1.645631193740018983e+00,1.028673952228574162e+00,1.028673952228574162e+00,3.330444201624280787e-01,2.853585369242583880e-02,0.000000000000000000e+00,0.000000000000000000e+00,0.000000000000000000e+00,0.000000000000000000e+00
2.421021942854108211e+00,2.421021942854108211e+00,3.940761207073180117e-01,1.033787647472284021e-02,1.033787647472284021e-02,0.000000000000000000e+00,0.000000000000000000e+00,0.000000000000000000e+00,0.000000000000000000e+00,0.000000000000000000e+00,0.000000000000000000e+00
9.854593086074112662e-01,1.487871660881854297e-01,4.143194195824584369e-02,4.143194195824584369e-02,4.143194195824584369e-02,0.000000000000000000e+00,0.000000000000000000e+00,0.000000000000000000e+00,0.000000000000000000e+00,0.000000000000000000e+00,0.000000000000000000e+00
8.992241090229402545e-02,8.797372784033363757e-03,0.000000000000000000e+00,0.000000000000000000e+00,0.000000000000000000e+00,0.000000000000000000e+00,0.000000000000000000e+00,0.000000000000000000e+00,0.000000000000000000e+00,0.000000000000000000e+00,0.000000000000000000e+00
8.854715873321170605e-01,8.854715873321170605e-01,8.854715873321170605e-01,4.446516629064856119e-02,4.446516629064856119e-02,4.446516629064856119e-02,4.446516629064856119e-02,4.446516629064856119e-02,4.446516629064856119e-02,4.446516629064856119e-02,4.446516629064856119e-02
1.203000084061830677e+00,1.203000084061830677e+00,1.203000084061830677e+00,2.809737565016128258e-01,2.809737565016128258e-01,2.809737565016128258e-01,2.809737565016128258e-01,2.809737565016128258e-01,2.809737565016128258e-01,2.809737565016128258e-01,2.809737565016128258e-01
2.771214679898501121e+00,2.771214679898501121e+00,2.771214679898501121e+00,2.771214679898501121e+00,9.929207714828525155e-02,9.929207714828525155e-02,0.000000000000000000e+00,0.000000000000000000e+00,0.000000000000000000e+00,0.000000000000000000e+00,0.000000000000000000e+00
1.441232621308037309e-01,4.381171606149436570e-02,4.381171606149436570e-02,4.381171606149436570e-02,0.000000000000000000e+00,0.000000000000000000e+00,0.000000000000000000e+00,0.000000000000000000e+00,0.000000000000000000e+00,0.000000000000000000e+00,0.000000000000000000e+00
1.076699105819897362e+00,4.400117673051884282e-02,2.205370077540180773e-03,2.205370077540180773e-03,2.205370077540180773e-03,2.205370077540180773e-03,0.000000000000000000e+00,0.000000000000000000e+00,0.000000000000000000e+00,0.000000000000000000e+00,0.000000000000000000e+00
1.782973362408351470e+00,3.840335076527541247e-01,3.840335076527541247e-01,2.961496764381728042e-01,0.000000000000000000e+00,0.000000000000000000e+00,0.000000000000000000e+00,0.000000000000000000e+00,0.000000000000000000e+00,0.000000000000000000e+00,0.000000000000000000e+00
2.956435514351636762e+00,3.306865712650379763e-01,0.000000000000000000e+00,0.000000000000000000e+00,0.000000000000000000e+00,0.000000000000000000e+00,0.000000000000000000e+00,0.000000000000000000e+00,0.000000000000000000e+00,0.000000000000000000e+00,0.000000000000000000e+00
1.737927815664577658e+00,1.737927815664577658e+00,1.737927815664577658e+00,1.737927815664577658e+00,7.070125617259748196e-02,7.070125617259748196e-02,0.000000000000000000e+00,0.000000000000000000e+00,0.000000000000000000e+00,0.000000000000000000e+00,0.000000000000000000e+00
1.874785810146435860e+00,1.428843197203626403e-01,1.428843197203626403e-01,1.266222045370577476e-01,1.266222045370577476e-01,1.266222045370577476e-01,1.266222045370577476e-01,1.266222045370577476e-01,1.266222045370577476e-01,0.000000000000000000e+00,0.000000000000000000e+00
4.104933667332961278e+00,4.104933667332961278e+00,4.104933667332961278e+00,4.104933667332961278e+00,4.104933667332961278e+00,0.000000000000000000e+00,0.000000000000000000e+00,0.000000000000000000e+00,0.000000000000000000e+00,0.000000000000000000e+00,0.000000000000000000e+00
1.333843137104798071e+00,4.856632580733899474e-02,4.856632580733899474e-02,4.856632580733899474e-02,8.243601877034656411e-03,8.243601877034656411e-03,8.243601877034656411e-03,0.000000000000000000e+00,0.000000000000000000e+00,0.000000000000000000e+00,0.000000000000000000e+00
5.868524630540610687e+00,4.059789708140558950e+00,4.059789708140558950e+00,9.471051740208125125e-02,9.471051740208125125e-02,0.000000000000000000e+00,0.000000000000000000e+00,0.000000000000000000e+00,0.000000000000000000e+00,0.000000000000000000e+00,0.000000000000000000e+00
1.211187487909398897e+00,0.000000000000000000e+00,0.000000000000000000e+00,0.000000000000000000e+00,0.000000000000000000e+00,0.000000000000000000e+00,0.000000000000000000e+00,0.000000000000000000e+00,0.000000000000000000e+00,0.000000000000000000e+00,0.000000000000000000e+00
2.264711674996679136e+00,1.697851422217847350e+00,1.697851422217847350e+00,1.697851422217847350e+00,1.566598718038086702e+00,1.566598718038086702e+00,2.406872079409900778e-01,1.904247564714247609e-01,1.904247564714247609e-01,1.904247564714247609e-01,1.904247564714247609e-01
2.882905620509346178e-01,1.029199419281212613e-01,0.000000000000000000e+00,0.000000000000000000e+00,0.000000000000000000e+00,0.000000000000000000e+00,0.000000000000000000e+00,0.000000000000000000e+00,0.000000000000000000e+00,0.000000000000000000e+00,0.000000000000000000e+00
2.599204451120386228e+00,2.429214544953417487e-02,0.000000000000000000e+00,0.000000000000000000e+00,0.000000000000000000e+00,0.000000000000000000e+00,0.000000000000000000e+00,0.000000000000000000e+00,0.000000000000000000e+00,0.000000000000000000e+00,0.000000000000000000e+00
4.014021696636221215e+00,1.756210042490894629e+00,0.000000000000000000e+00,0.000000000000000000e+00,0.000000000000000000e+00,0.000000000000000000e+00,0.000000000000000000e+00,0.000000000000000000e+00,0.000000000000000000e+00,0.000000000000000000e+00,0.000000000000000000e+00
2.037687708942979903e+00,2.037687708942979903e+00,1.530218005659462754e+00,1.530218005659462754e+00,5.682415991225457930e-01,5.682415991225457930e-01,0.000000000000000000e+00,0.000000000000000000e+00,0.000000000000000000e+00,0.000000000000000000e+00,0.000000000000000000e+00
2.264326766824140691e+00,1.620487750640853264e-01,1.620487750640853264e-01,2.343345599469692786e-03,0.000000000000000000e+00,0.000000000000000000e+00,0.000000000000000000e+00,0.000000000000000000e+00,0.000000000000000000e+00,0.000000000000000000e+00,0.000000000000000000e+00
4.339937411467924555e+00,4.339937411467924555e+00,4.339937411467924555e+00,4.339937411467924555e+00,0.000000000000000000e+00,0.000000000000000000e+00,0.000000000000000000e+00,0.000000000000000000e+00,0.000000000000000000e+00,0.000000000000000000e+00,0.000000000000000000e+00
6.784531435024249157e-01,6.070546185816156903e-01,1.908774160760153826e-01,1.908774160760153826e-01,1.908774160760153826e-01,1.908774160760153826e-01,1.908774160760153826e-01,0.000000000000000000e+00,0.000000000000000000e+00,0.000000000000000000e+00,0.000000000000000000e+00
1.269093665570494522e+00,5.658135655737774883e-01,5.658135655737774883e-01,0.000000000000000000e+00,0.000000000000000000e+00,0.000000000000000000e+00,0.000000000000000000e+00,0.000000000000000000e+00,0.000000000000000000e+00,0.000000000000000000e+00,0.000000000000000000e+00
2.452027092701676736e+00,4.903513065826521355e-01,2.094763718499716987e-01,1.431029706336115481e-01,1.431029706336115481e-01,1.431029706336115481e-01,1.431029706336115481e-01,1.431029706336115481e-01,1.431029706336115481e-01,1.431029706336115481e-01,1.431029706336115481e-01
5.227049447824683170e+00,4.961745329593725273e-01,4.961745329593725273e-01,4.961745329593725273e-01,3.009178061336674759e-01,3.009178061336674759e-01,3.009178061336674759e-01,3.009178061336674759e-01,3.009178061336674759e-01,0.000000000000000000e+00,0.000000000000000000e+00
1.601990477617573738e+00,1.601990477617573738e+00,1.601990477617573738e+00,1.601990477617573738e+00,0.000000000000000000e+00,0.000000000000000000e+00,0.000000000000000000e+00,0.000000000000000000e+00,0.000000000000000000e+00,0.000000000000000000e+00,0.000000000000000000e+00
3.621989107585903422e+00,4.736403908895958637e-02,0.000000000000000000e+00,0.000000000000000000e+00,0.000000000000000000e+00,0.000000000000000000e+00,0.000000000000000000e+00,0.000000000000000000e+00,0.000000000000000000e+00,0.000000000000000000e+00,0.000000000000000000e+00
8.571877662824167743e-01,2.925989428671176285e-01,2.925989428671176285e-01,0.000000000000000000e+00,0.000000000000000000e+00,0.000000000000000000e+00,0.000000000000000000e+00,0.000000000000000000e+00,0.000000000000000000e+00,0.000000000000000000e+00,0.000000000000000000e+00
5.372089338673355918e-01,5.372089338673355918e-01,5.372089338673355918e-01,4.443015192435137983e-01,4.443015192435137983e-01,4.443015192435137983e-01,4.443015192435137983e-01,4.443015192435137983e-01,4.443015192435137983e-01,4.443015192435137983e-01,4.443015192435137983e-01
5.270477412299302777e+00,1.033226257653432789e+00,1.056047879174926152e-01,2.635674685487643387e-03,0.000000000000000000e+00,0.000000000000000000e+00,0.000000000000000000e+00,0.000000000000000000e+00,0.000000000000000000e+00,0.000000000000000000e+00,0.000000000000000000e+00
2.418968360077843993e+00,2.418968360077843993e+00,1.517757276631341412e+00,1.517757276631341412e+00,1.517757276631341412e+00,1.517757276631341412e+00,1.517757276631341412e+00,1.517757276631341412e+00,1.517757276631341412e+00,1.517757276631341412e+00,0.000000000000000000e+00
2.467343502007812717e+00,2.467343502007812717e+00,2.467343502007812717e+00,1.934624189439637654e+00,3.171581843772663944e-02,3.171581843772663944e-02,0.000000000000000000e+00,0.000000000000000000e+00,0.000000000000000000e+00,0.000000000000000000e+00,0.000000000000000000e+00
2.953713409900286191e+00,2.085222450409974559e+00,2.085222450409974559e+00,2.085222450409974559e+00,2.085222450409974559e+00,2.085222450409974559e+00,0.000000000000000000e+00,0.000000000000000000e+00,0.000000000000000000e+00,0.000000000000000000e+00,0.000000000000000000e+00
3.221607596746244973e+00,3.052075995100541395e+00,1.983105274608121249e-01,1.983105274608121249e-01,4.520599803426339491e-02,4.520599803426339491e-02,0.000000000000000000e+00,0.000000000000000000e+00,0.000000000000000000e+00,0.000000000000000000e+00,0.000000000000000000e+00
8.276642849805577740e-01,0.000000000000000000e+00,0.000000000000000000e+00,0.000000000000000000e+00,0.000000000000000000e+00,0.000000000000000000e+00,0.000000000000000000e+00,0.000000000000000000e+00,0.000000000000000000e+00,0.000000000000000000e+00,0.000000000000000000e+00
8.915369554998076040e-01,1.288010364848766187e-01,0.000000000000000000e+00,0.000000000000000000e+00,0.000000000000000000e+00,0.000000000000000000e+00,0.000000000000000000e+00,0.000000000000000000e+00,0.000000000000000000e+00,0.000000000000000000e+00,0.000000000000000000e+00
4.230078329712744889e+00,2.529664112947048515e+00,2.529664112947048515e+00,1.838968743307732190e+00,1.838968743307732190e+00,1.838968743307732190e+00,1.838968743307732190e+00,1.838968743307732190e+00,1.838968743307732190e+00,1.838968743307732190e+00,1.838968743307732190e+00
3.282309730746021614e+00,3.282309730746021614e+00,5.370625969568649793e-01,5.227405294002300806e-01,5.227405294002300806e-01,0.000000000000000000e+00,0.000000000000000000e+00,0.000000000000000000e+00,0.000000000000000000e+00,0.000000000000000000e+00,0.000000000000000000e+00
2.584578910181964062e+00,2.584578910181964062e+00,2.584578910181964062e+00,2.584578910181964062e+00,0.000000000000000000e+00,0.000000000000000000e+00,0.000000000000000000e+00,0.000000000000000000e+00,0.000000000000000000e+00,0.000000000000000000e+00,0.000000000000000000e+00
2.710250560075122106e+00,2.385725193435541236e+00,2.385725193435541236e+00,2.385725193435541236e+00,2.385725193435541236e+00,2.385725193435541236e+00,2.385725193435541236e+00,0.000000000000000000e+00,0.000000000000000000e+00,0.000000000000000000e+00,0.000000000000000000e+00
2.697642097139171469e+00,8.648686047736298121e-02,8.648686047736298121e-02,0.000000000000000000e+00,0.000000000000000000e+00,0.000000000000000000e+00,0.000000000000000000e+00,0.000000000000000000e+00,0.000000000000000000e+00,0.000000000000000000e+00,0.000000000000000000e+00
2.026882578868459905e+00,6.883928272833430562e-01,6.883928272833430562e-01,5.205097019065738628e-01,5.205097019065738628e-01,5.205097019065738628e-01,5.205097019065738628e-01,5.205097019065738628e-01,5.205097019065738628e-01,5.205097019065738628e-01,5.205097019065738628e-01
3.150258804924428446e+00,3.150258804924428446e+00,3.150258804924428446e+00,3.150258804924428446e+00,3.150258804924428446e+00,3.202801083055728526e-02,0.000000000000000000e+00,0.000000000000000000e+00,0.000000000000000000e+00,0.000000000000000000e+00,0.000000000000000000e+00
4.760323552471312780e-01,4.760323552471312780e-01,4.760323552471312780e-01,0.000000000000000000e+00,0.000000000000000000e+00,0.000000000000000000e+00,0.000000000000000000e+00,0.000000000000000000e+00,0.000000000000000000e+00,0.000000000000000000e+00,0.000000000000000000e+00
2.304693342688736823e+00,1.334276818325910163e+00,9.439318713693118923e-01,4.396747784842442996e-01,4.396747784842442996e-01,4.396747784842442996e-01,2.871293013519160553e-02,0.000000000000000000e+00,0.000000000000000000e+00,0.000000000000000000e+00,0.000000000000000000e+00
0.000000000000000000e+00,0.000000000000000000e+00,0.000000000000000000e+00,0.000000000000000000e+00,0.000000000000000000e+00,0.000000000000000000e+00,0.000000000000000000e+00,0.000000000000000000e+00,0.000000000000000000e+00,0.000000000000000000e+00,0.000000000000000000e+00
2.330836711787712012e+00,1.344956067008094003e+00,1.344956067008094003e+00,1.344956067008094003e+00,1.344956067008094003e+00,1.344956067008094003e+00,1.879381899961627411e-01,1.329364443554457154e-01,5.113035630524009889e-04,5.113035630524009889e-04,0.000000000000000000e+00
2.447779733044943562e+00,2.447779733044943562e+00,2.447779733044943562e+00,1.337081897489486693e+00,1.337081897489486693e+00,1.337081897489486693e+00,1.337081897489486693e+00,7.580814051077711113e-02,2.570874373661302670e-02,0.000000000000000000e+00,0.000000000000000000e+00
1.247926594635508479e+00,1.247926594635508479e+00,0.000000000000000000e+00,0.000000000000000000e+00,0.000000000000000000e+00,0.000000000000000000e+00,0.000000000000000000e+00,0.000000000000000000e+00,0.000000000000000000e+00,0.000000000000000000e+00,0.000000000000000000e+00
4.227008222345570054e+00,3.529218003461431774e+00,1.705505267048393669e+00,0.000000000000000000e+00,0.000000000000000000e+00,0.000000000000000000e+00,0.000000000000000000e+00,0.000000000000000000e+00,0.000000000000000000e+00,0.000000000000000000e+00,0.000000000000000000e+00
8.210583038086936014e-01,8.210583038086936014e-01,1.440772100735250305e-01,1.440772100735250305e-01,0.000000000000000000e+00,0.000000000000000000e+00,0.000000000000000000e+00,0.000000000000000000e+00,0.000000000000000000e+00,0.000000000000000000e+00,0.000000000000000000e+00
1.077502561230829770e+00,1.050050116891489083e+00,5.779609745100380280e-01,1.085733835370854550e-01,0.000000000000000000e+00,0.000000000000000000e+00,0.000000000000000000e+00,0.000000000000000000e+00,0.000000000000000000e+00,0.000000000000000000e+00,0.000000000000000000e+00
3.762682541707143002e+00,3.762682541707143002e+00,3.762682541707143002e+00,1.071240182723751211e+00,2.935507719959709050e-01,2.935507719959709050e-01,1.500223178762150056e-01,1.500223178762150056e-01,1.760803480142580923e-02,0.000000000000000000e+00,0.000000000000000000e+00
3.278404439796123171e-01,2.064238894207059971e-01,2.064238894207059971e-01,0.000000000000000000e+00,0.000000000000000000e+00,0.000000000000000000e+00,0.000000000000000000e+00,0.000000000000000000e+00,0.000000000000000000e+00,0.000000000000000000e+00,0.000000000000000000e+00
1.992322514937248101e-01,1.992322514937248101e-01,2.707558960037559359e-02,0.000000000000000000e+00,0.000000000000000000e+00,0.000000000000000000e+00,0.000000000000000000e+00,0.000000000000000000e+00,0.000000000000000000e+00,0.000000000000000000e+00,0.000000000000000000e+00
4.653124905687473500e-01,3.747684166885596468e-01,3.747684166885596468e-01,8.626927098613634826e-02,8.626927098613634826e-02,0.000000000000000000e+00,0.000000000000000000e+00,0.000000000000000000e+00,0.000000000000000000e+00,0.000000000000000000e+00,0.000000000000000000e+00
4.199473516859626443e-01,4.199473516859626443e-01,0.000000000000000000e+00,0.000000000000000000e+00,0.000000000000000000e+00,0.000000000000000000e+00,0.000000000000000000e+00,0.000000000000000000e+00,0.000000000000000000e+00,0.000000000000000000e+00,0.000000000000000000e+00
3.171747777193446360e+00,3.171747777193446360e+00,3.171747777193446360e+00,2.573256309748293447e+00,2.573256309748293447e+00,9.926834535243234114e-02,0.000000000000000000e+00,0.000000000000000000e+00,0.000000000000000000e+00,0.000000000000000000e+00,0.000000000000000000e+00
1.662245246146001776e+00,1.662245246146001776e+00,1.662245246146001776e+00,1.316162853793532150e-01,6.134064162304131429e-02,0.000000000000000000e+00,0.000000000000000000e+00,0.000000000000000000e+00,0.000000000000000000e+00,0.000000000000000000e+00,0.000000000000000000e+00
2.817177436057702877e-01,2.817177436057702877e-01,1.150645292203362757e-01,0.000000000000000000e+00,0.000000000000000000e+00,0.000000000000000000e+00,0.000000000000000000e+00,0.000000000000000000e+00,0.000000000000000000e+00,0.000000000000000000e+00,0.000000000000000000e+00
2.228632141271458700e+00,1.101323486087880443e+00,4.247659989421821436e-01,4.247659989421821436e-01,0.000000000000000000e+00,0.000000000000000000e+00,0.000000000000000000e+00,0.000000000000000000e+00,0.000000000000000000e+00,0.000000000000000000e+00,0.000000000000000000e+00
3.076308713352291946e+00,3.076308713352291946e+00,3.076308713352291946e+00,1.391780794615151251e+00,2.054065110565428398e-01,2.054065110565428398e-01,4.866116961503585969e-02,4.866116961503585969e-02,0.000000000000000000e+00,0.000000000000000000e+00,0.000000000000000000e+00
4.528841020940754802e+00,1.004688034269677566e+00,1.004688034269677566e+00,3.097514178925919737e-02,0.000000000000000000e+00,0.000000000000000000e+00,0.000000000000000000e+00,0.000000000000000000e+00,0.000000000000000000e+00,0.000000000000000000e+00,0.000000000000000000e+00
3.409543029875079512e-01,2.053200993591453027e-02,1.701968282695442980e-02,1.701968282695442980e-02,0.000000000000000000e+00,0.000000000000000000e+00,0.000000000000000000e+00,0.000000000000000000e+00,0.000000000000000000e+00,0.000000000000000000e+00,0.000000000000000000e+00
2.810687258683512102e+00,2.810687258683512102e+00,1.574883739228730484e+00,8.648061202235268752e-03,0.000000000000000000e+00,0.000000000000000000e+00,0.000000000000000000e+00,0.000000000000000000e+00,0.000000000000000000e+00,0.000000000000000000e+00,0.000000000000000000e+00
1.893038758875710270e+00,9.567707146382677941e-01,9.567707146382677941e-01,1.030304041730620845e-01,5.079044512249764054e-02,1.111197508001238177e-02,0.000000000000000000e+00,0.000000000000000000e+00,0.000000000000000000e+00,0.000000000000000000e+00,0.000000000000000000e+00
1.947701211820222156e+00,1.947701211820222156e+00,1.947701211820222156e+00,2.249819838471607270e-01,2.249819838471607270e-01,2.322900174529518580e-02,4.600191539550380071e-03,0.000000000000000000e+00,0.000000000000000000e+00,0.000000000000000000e+00,0.000000000000000000e+00
2.158932273414067016e+00,1.140716985465473954e+00,7.399953966583439069e-02,0.000000000000000000e+00,0.000000000000000000e+00,0.000000000000000000e+00,0.000000000000000000e+00,0.000000000000000000e+00,0.000000000000000000e+00,0.000000000000000000e+00,0.000000000000000000e+00
7.365566008790507269e-01,7.365566008790507269e-01,0.000000000000000000e+00,0.000000000000000000e+00,0.000000000000000000e+00,0.000000000000000000e+00,0.000000000000000000e+00,0.000000000000000000e+00,0.000000000000000000e+00,0.000000000000000000e+00,0.000000000000000000e+00
8.738559507805128135e-01,2.550657915268033094e-01,2.550657915268033094e-01,2.430931687078086156e-03,2.430931687078086156e-03,0.000000000000000000e+00,0.000000000000000000e+00,0.000000000000000000e+00,0.000000000000000000e+00,0.000000000000000000e+00,0.000000000000000000e+00
4.972982888799004186e+00,4.972982888799004186e+00,4.972982888799004186e+00,4.972982888799004186e+00,4.972982888799004186e+00,4.972982888799004186e+00,4.972982888799004186e+00,0.000000000000000000e+00,0.000000000000000000e+00,0.000000000000000000e+00,0.000000000000000000e+00
4.782485376803879973e-01,1.370546269394079530e-01,4.743215559123648006e-02,4.743215559123648006e-02,4.743215559123648006e-02,4.743215559123648006e-02,4.743215559123648006e-02,2.343162590137737311e-02,2.343162590137737311e-02,0.000000000000000000e+00,0.000000000000000000e+00
1.225406359475336160e+00,1.225406359475336160e+00,1.225406359475336160e+00,1.225406359475336160e+00,1.225406359475336160e+00,1.145967187040977997e+00,0.000000000000000000e+00,0.000000000000000000e+00,0.000000000000000000e+00,0.000000000000000000e+00,0.000000000000000000e+00
1.078648560234668707e+00,1.078648560234668707e+00,1.078648560234668707e+00,1.078648560234668707e+00,3.101736017671621326e-01,0.000000000000000000e+00,0.000000000000000000e+00,0.000000000000000000e+00,0.000000000000000000e+00,0.000000000000000000e+00,0.000000000000000000e+00
3.515520328734786482e+00,3.515520328734786482e+00,1.416621238938321703e+00,1.416621238938321703e+00,7.668264630308270213e-01,7.668264630308270213e-01,6.006024057276944106e-01,6.006024057276944106e-01,6.006024057276944106e-01,9.134705405494791819e-02,0.000000000000000000e+00
2.765036763041788248e+00,2.765036763041788248e+00,2.272513828027277860e+00,2.272513828027277860e+00,2.272513828027277860e+00,2.272513828027277860e+00,6.826355627352422850e-01,3.650343692240198834e-02,0.000000000000000000e+00,0.000000000000000000e+00,0.000000000000000000e+00
2.498735295054165917e+00,2.498735295054165917e+00,2.498735295054165917e+00,1.298669822335112300e-01,1.298669822335112300e-01,1.298669822335112300e-01,1.298669822335112300e-01,1.298669822335112300e-01,1.033988817772613089e-02,0.000000000000000000e+00,0.000000000000000000e+00
2.343548452101241963e+00,1.984093323094526795e-02,0.000000000000000000e+00,0.000000000000000000e+00,0.000000000000000000e+00,0.000000000000000000e+00,0.000000000000000000e+00,0.000000000000000000e+00,0.000000000000000000e+00,0.000000000000000000e+00,0.000000000000000000e+00
3.373162523715190542e+00,1.616888846965274240e-01,1.616888846965274240e-01,6.048424165617127812e-03,6.048424165617127812e-03,0.000000000000000000e+00,0.000000000000000000e+00,0.000000000000000000e+00,0.000000000000000000e+00,0.000000000000000000e+00,0.000000000000000000e+00
3.640195088206469975e+00,3.268338159060279136e+00,3.268338159060279136e+00,2.875046193962062624e+00,1.768807993553801694e+00,9.852736713835881233e-01,2.741994293428016150e-01,0.000000000000000000e+00,0.000000000000000000e+00,0.000000000000000000e+00,0.000000000000000000e+00
3.537039515075616869e+00,3.537039515075616869e+00,3.537039515075616869e+00,3.537039515075616869e+00,3.537039515075616869e+00,3.537039515075616869e+00,2.201038642470258822e-01,2.201038642470258822e-01,3.031532622684718348e-02,0.000000000000000000e+00,0.000000000000000000e+00
2.788837316201499661e+00,2.788837316201499661e+00,2.788837316201499661e+00,7.015877264257692758e-01,0.000000000000000000e+00,0.000000000000000000e+00,0.000000000000000000e+00,0.000000000000000000e+00,0.000000000000000000e+00,0.000000000000000000e+00,0.000000000000000000e+00
4.727876599560598692e-01,2.656506517542940315e-01,1.232077102659800971e-02,0.000000000000000000e+00,0.000000000000000000e+00,0.000000000000000000e+00,0.000000000000000000e+00,0.000000000000000000e+00,0.000000000000000000e+00,0.000000000000000000e+00,0.000000000000000000e+00
2.339179215449261662e+00,2.339179215449261662e+00,2.339179215449261662e+00,2.339179215449261662e+00,2.339179215449261662e+00,2.339179215449261662e+00,6.739010982623536705e-01,8.824232338570858758e-02,0.000000000000000000e+00,0.000000000000000000e+00,0.000000000000000000e+00
4.160138789759128208e+00,4.160138789759128208e+00,3.340214202217275385e-01,3.340214202217275385e-01,3.340214202217275385e-01,3.340214202217275385e-01,3.340214202217275385e-01,3.340214202217275385e-01,6.054281990979593076e-02,6.054281990979593076e-02,0.000000000000000000e+00
1.039930045093894861e+00,9.095445589578865508e-02,9.095445589578865508e-02,7.598862612760193258e-02,7.598862612760193258e-02,0.000000000000000000e+00,0.000000000000000000e+00,0.000000000000000000e+00,0.000000000000000000e+00,0.000000000000000000e+00,0.000000000000000000e+00
7.854977158993765585e-01,0.000000000000000000e+00,0.000000000000000000e+00,0.000000000000000000e+00,0.000000000000000000e+00,0.000000000000000000e+00,0.000000000000000000e+00,0.000000000000000000e+00,0.000000000000000000e+00,0.000000000000000000e+00,0.000000000000000000e+00
8.390019242958799417e-01,2.371344132452657405e-02,0.000000000000000000e+00,0.000000000000000000e+00,0.000000000000000000e+00,0.000000000000000000e+00,0.000000000000000000e+00,0.000000000000000000e+00,0.000000000000000000e+00,0.000000000000000000e+00,0.000000000000000000e+00
5.725789030894965492e-01,0.000000000000000000e+00,0.000000000000000000e+00,0.000000000000000000e+00,0.000000000000000000e+00,0.000000000000000000e+00,0.000000000000000000e+00,0.000000000000000000e+00,0.000000000000000000e+00,0.000000000000000000e+00,0.000000000000000000e+00
2.987218141910259028e+00,2.795368332048593807e+00,2.795368332048593807e+00,2.795368332048593807e+00,2.795368332048593807e+00,2.795368332048593807e+00,2.795368332048593807e+00,2.720134319564146530e+00,2.720134319564146530e+00,1.951336608542375117e+00,1.385027357395832937e+00
1.199555478536241004e+00,6.802257287958211052e-01,0.000000000000000000e+00,0.000000000000000000e+00,0.000000000000000000e+00,0.000000000000000000e+00,0.000000000000000000e+00,0.000000000000000000e+00,0.000000000000000000e+00,0.000000000000000000e+00,0.000000000000000000e+00
1.402872753125002703e+00,1.343583393020644223e-01,1.343583393020644223e-01,0.000000000000000000e+00,0.000000000000000000e+00,0.000000000000000000e+00,0.000000000000000000e+00,0.000000000000000000e+00,0.000000000000000000e+00,0.000000000000000000e+00,0.000000000000000000e+00
1.971536337322530308e+00,1.971536337322530308e+00,2.737645715359446896e-01,2.737645715359446896e-01,2.737645715359446896e-01,2.274837011882482329e-01,2.274837011882482329e-01,1.127484821142230587e-01,0.000000000000000000e+00,0.000000000000000000e+00,0.000000000000000000e+00
1.160677948078810751e+00,1.160677948078810751e+00,1.160677948078810751e+00,0.000000000000000000e+00,0.000000000000000000e+00,0.000000000000000000e+00,0.000000000000000000e+00,0.000000000000000000e+00,0.000000000000000000e+00,0.000000000000000000e+00,0.000000000000000000e+00
2.973429626702261519e+00,1.353913984263085624e+00,1.353913984263085624e+00,4.745489377954026367e-02,4.745489377954026367e-02,2.607693669468780229e-03,2.607693669468780229e-03,0.000000000000000000e+00,0.000000000000000000e+00,0.000000000000000000e+00,0.000000000000000000e+00
3.671407814316101081e-01,3.671407814316101081e-01,0.000000000000000000e+00,0.000000000000000000e+00,0.000000000000000000e+00,0.000000000000000000e+00,0.000000000000000000e+00,0.000000000000000000e+00,0.000000000000000000e+00,0.000000000000000000e+00,0.000000000000000000e+00
1.530622568825386054e+00,1.530622568825386054e+00,1.530622568825386054e+00,6.637219842361794520e-01,3.006030183831676084e-02,3.006030183831676084e-02,0.000000000000000000e+00,0.000000000000000000e+00,0.000000000000000000e+00,0.000000000000000000e+00,0.000000000000000000e+00
4.508933958102494977e+00,4.508933958102494977e+00,4.272770248885095157e+00,4.272770248885095157e+00,4.272770248885095157e+00,4.272770248885095157e+00,4.272770248885095157e+00,4.272770248885095157e+00,4.272770248885095157e+00,4.272770248885095157e+00,8.496391261435594089e-01
7.828537972685034596e-01,7.828537972685034596e-01,7.828537972685034596e-01,7.828537972685034596e-01,7.828537972685034596e-01,7.828537972685034596e-01,7.828537972685034596e-01,7.828537972685034596e-01,7.828537972685034596e-01,7.828537972685034596e-01,0.000000000000000000e+00
1.003846607679013125e+00,0.000000000000000000e+00,0.000000000000000000e+00,0.000000000000000000e+00,0.000000000000000000e+00,0.000000000000000000e+00,0.000000000000000000e+00,0.000000000000000000e+00,0.000000000000000000e+00,0.000000000000000000e+00,0.000000000000000000e+00
3.205742984778283677e+00,3.205742984778283677e+00,3.205742984778283677e+00,3.205742984778283677e+00,3.205742984778283677e+00,3.205742984778283677e+00,3.205742984778283677e+00,3.205742984778283677e+00,9.781630565015220213e-02,9.781630565015220213e-02,0.000000000000000000e+00
3.015514057029197836e+00,1.685307491672737079e+00,1.509849453935574459e-01,1.509849453935574459e-01,1.509849453935574459e-01,0.000000000000000000e+00,0.000000000000000000e+00,0.000000000000000000e+00,0.000000000000000000e+00,0.000000000000000000e+00,0.000000000000000000e+00
9.973031376460572694e-01,9.973031376460572694e-01,9.973031376460572694e-01,6.020088796505715933e-01,3.942665533813904943e-02,3.942665533813904943e-02,1.702163148097746159e-02,0.000000000000000000e+00,0.000000000000000000e+00,0.000000000000000000e+00,0.000000000000000000e+00
4.696591907253374387e+00,0.000000000000000000e+00,0.000000000000000000e+00,0.000000000000000000e+00,0.000000000000000000e+00,0.000000000000000000e+00,0.000000000000000000e+00,0.000000000000000000e+00,0.000000000000000000e+00,0.000000000000000000e+00,0.000000000000000000e+00
6.025098419064640609e-01,1.042239052230105045e-01,0.000000000000000000e+00,0.000000000000000000e+00,0.000000000000000000e+00,0.000000000000000000e+00,0.000000000000000000e+00,0.000000000000000000e+00,0.000000000000000000e+00,0.000000000000000000e+00,0.000000000000000000e+00
4.389163361794910401e+00,4.389163361794910401e+00,0.000000000000000000e+00,0.000000000000000000e+00,0.000000000000000000e+00,0.000000000000000000e+00,0.000000000000000000e+00,0.000000000000000000e+00,0.000000000000000000e+00,0.000000000000000000e+00,0.000000000000000000e+00
6.525493949826811857e+00,6.525493949826811857e+00,4.747251017042870558e-01,1.004304336507573225e-01,0.000000000000000000e+00,0.000000000000000000e+00,0.000000000000000000e+00,0.000000000000000000e+00,0.000000000000000000e+00,0.000000000000000000e+00,0.000000000000000000e+00
3.118031616322306299e+00,2.993260498179732387e+00,2.742690674475958712e+00,2.742690674475958712e+00,2.742690674475958712e+00,2.742690674475958712e+00,2.742690674475958712e+00,5.378075237254220653e-01,5.378075237254220653e-01,5.378075237254220653e-01,2.800952064630024552e-01
3.393519099285378093e+00,3.254813958207852576e+00,2.208726442086207609e+00,2.208726442086207609e+00,2.944290566757512551e-02,0.000000000000000000e+00,0.000000000000000000e+00,0.000000000000000000e+00,0.000000000000000000e+00,0.000000000000000000e+00,0.000000000000000000e+00
2.854345452144269935e+00,2.747313833299973140e+00,2.747313833299973140e+00,2.747313833299973140e+00,2.747313833299973140e+00,2.747313833299973140e+00,2.747313833299973140e+00,9.575674004900891489e-01,9.575674004900891489e-01,9.575674004900891489e-01,0.000000000000000000e+00
2.128023016988578764e+00,5.724443458934631579e-01,0.000000000000000000e+00,0.000000000000000000e+00,0.000000000000000000e+00,0.000000000000000000e+00,0.000000000000000000e+00,0.000000000000000000e+00,0.000000000000000000e+00,0.000000000000000000e+00,0.000000000000000000e+00
2.834013474042124781e+00,2.834013474042124781e+00,2.550265351930115720e+00,2.550265351930115720e+00,2.550265351930115720e+00,2.550265351930115720e+00,0.000000000000000000e+00,0.000000000000000000e+00,0.000000000000000000e+00,0.000000000000000000e+00,0.000000000000000000e+00
1.368382962773637246e+00,1.004478867018663735e+00,1.004478867018663735e+00,1.911732834452113394e-01,0.000000000000000000e+00,0.000000000000000000e+00,0.000000000000000000e+00,0.000000000000000000e+00,0.000000000000000000e+00,0.000000000000000000e+00,0.000000000000000000e+00
1.920346625306786237e+00,0.000000000000000000e+00,0.000000000000000000e+00,0.000000000000000000e+00,0.000000000000000000e+00,0.000000000000000000e+00,0.000000000000000000e+00,0.000000000000000000e+00,0.000000000000000000e+00,0.000000000000000000e+00,0.000000000000000000e+00
2.082324068182025645e+00,1.245534450035279406e-03,0.000000000000000000e+00,0.000000000000000000e+00,0.000000000000000000e+00,0.000000000000000000e+00,0.000000000000000000e+00,0.000000000000000000e+00,0.000000000000000000e+00,0.000000000000000000e+00,0.000000000000000000e+00
3.592770881252427273e-02,0.000000000000000000e+00,0.000000000000000000e+00,0.000000000000000000e+00,0.000000000000000000e+00,0.000000000000000000e+00,0.000000000000000000e+00,0.000000000000000000e+00,0.000000000000000000e+00,0.000000000000000000e+00,0.000000000000000000e+00
4.748437962271214730e-01,4.627244006421848965e-01,1.890636355295729487e-01,1.890636355295729487e-01,1.890636355295729487e-01,1.890636355295729487e-01,2.266247656223452367e-02,7.822985583127994857e-03,0.000000000000000000e+00,0.000000000000000000e+00,0.000000000000000000e+00
3.451127616559576339e+00,5.462539181452452652e-02,5.462539181452452652e-02,0.000000000000000000e+00,0.000000000000000000e+00,0.000000000000000000e+00,0.000000000000000000e+00,0.000000000000000000e+00,0.000000000000000000e+00,0.000000000000000000e+00,0.000000000000000000e+00
9.273482694007455507e-01,2.078249982235735871e-01,0.000000000000000000e+00,0.000000000000000000e+00,0.000000000000000000e+00,0.000000000000000000e+00,0.000000000000000000e+00,0.000000000000000000e+00,0.000000000000000000e+00,0.000000000000000000e+00,0.000000000000000000e+00
1.496656242084522859e+00,5.158873514664019666e-02,0.000000000000000000e+00,0.000000000000000000e+00,0.000000000000000000e+00,0.000000000000000000e+00,0.000000000000000000e+00,0.000000000000000000e+00,0.000000000000000000e+00,0.000000000000000000e+00,0.000000000000000000e+00
2.068297259794599441e+00,0.000000000000000000e+00,0.000000000000000000e+00,0.000000000000000000e+00,0.000000000000000000e+00,0.000000000000000000e+00,0.000000000000000000e+00,0.000000000000000000e+00,0.000000000000000000e+00,0.000000000000000000e+00,0.000000000000000000e+00
1.326574975783462840e+00,4.104171253811017550e-02,0.000000000000000000e+00,0.000000000000000000e+00,0.000000000000000000e+00,0.000000000000000000e+00,0.000000000000000000e+00,0.000000000000000000e+00,0.000000000000000000e+00,0.000000000000000000e+00,0.000000000000000000e+00
1.339750758507622486e+00,1.070188060394846374e+00,1.070188060394846374e+00,1.070188060394846374e+00,1.070188060394846374e+00,1.070188060394846374e+00,1.070188060394846374e+00,1.026908987261134776e+00,1.026908987261134776e+00,1.026908987261134776e+00,1.958722636438539055e-01
1.142690587394124879e+00,1.056890789817899190e-02,0.000000000000000000e+00,0.000000000000000000e+00,0.000000000000000000e+00,0.000000000000000000e+00,0.000000000000000000e+00,0.000000000000000000e+00,0.000000000000000000e+00,0.000000000000000000e+00,0.000000000000000000e+00
1.234487642762811532e-01,1.234487642762811532e-01,6.764623048783668935e-02,6.764623048783668935e-02,6.764623048783668935e-02,6.764623048783668935e-02,1.377283191540001894e-02,1.377283191540001894e-02,1.377283191540001894e-02,0.000000000000000000e+00,0.000000000000000000e+00
9.672679656204330456e-01,0.000000000000000000e+00,0.000000000000000000e+00,0.000000000000000000e+00,0.000000000000000000e+00,0.000000000000000000e+00,0.000000000000000000e+00,0.000000000000000000e+00,0.000000000000000000e+00,0.000000000000000000e+00,0.000000000000000000e+00
1.574152535392262742e+00,3.843915323167195197e-01,1.289207822239823997e-01,0.000000000000000000e+00,0.000000000000000000e+00,0.000000000000000000e+00,0.000000000000000000e+00,0.000000000000000000e+00,0.000000000000000000e+00,0.000000000000000000e+00,0.000000000000000000e+00
1.384084193168606980e+00,0.000000000000000000e+00,0.000000000000000000e+00,0.000000000000000000e+00,0.000000000000000000e+00,0.000000000000000000e+00,0.000000000000000000e+00,0.000000000000000000e+00,0.000000000000000000e+00,0.000000000000000000e+00,0.000000000000000000e+00
5.714478035921572996e-01,5.533715790672655288e-01,0.000000000000000000e+00,0.000000000000000000e+00,0.000000000000000000e+00,0.000000000000000000e+00,0.000000000000000000e+00,0.000000000000000000e+00,0.000000000000000000e+00,0.000000000000000000e+00,0.000000000000000000e+00
9.396966954777328240e-01,0.000000000000000000e+00,0.000000000000000000e+00,0.000000000000000000e+00,0.000000000000000000e+00,0.000000000000000000e+00,0.000000000000000000e+00,0.000000000000000000e+00,0.000000000000000000e+00,0.000000000000000000e+00,0.000000000000000000e+00
1.640963214812236615e-01,1.640963214812236615e-01,7.710123728863482739e-02,0.000000000000000000e+00,0.000000000000000000e+00,0.000000000000000000e+00,0.000000000000000000e+00,0.000000000000000000e+00,0.000000000000000000e+00,0.000000000000000000e+00,0.000000000000000000e+00
2.354006604616813547e+00,2.354006604616813547e+00,2.354006604616813547e+00,1.519829856395011003e+00,1.519829856395011003e+00,8.921353671410381381e-01,8.921353671410381381e-01,5.071348570107505616e-01,1.268613015753734530e-01,1.268613015753734530e-01,5.201487546171446041e-02
9.647284661806985184e-01,0.000000000000000000e+00,0.000000000000000000e+00,0.000000000000000000e+00,0.000000000000000000e+00,0.000000000000000000e+00,0.000000000000000000e+00,0.000000000000000000e+00,0.000000000000000000e+00,0.000000000000000000e+00,0.000000000000000000e+00
