2.881081757139697608e+00,5.400062705753576608e-01,1.003609876496911468e-01,6.245087993401732263e-03,0.000000000000000000e+00,0.000000000000000000e+00,0.000000000000000000e+00,0.000000000000000000e+00,0.000000000000000000e+00,0.000000000000000000e+00,0.000000000000000000e+00
8.392000078111419015e-01,8.392000078111419015e-01,8.392000078111419015e-01,1.353531968772454519e-01,0.000000000000000000e+00,0.000000000000000000e+00,0.000000000000000000e+00,0.000000000000000000e+00,0.000000000000000000e+00,0.000000000000000000e+00,0.000000000000000000e+00
1.877259538076133438e+00,1.877259538076133438e+00,1.877259538076133438e+00,3.670819999474570494e-01,3.670819999474570494e-01,6.576290261864592424e-02,0.000000000000000000e+00,0.000000000000000000e+00,0.000000000000000000e+00,0.000000000000000000e+00,0.000000000000000000e+00
1.528787293063689212e+00,1.383669326941449285e+00,1.383669326941449285e+00,8.708612398509414376e-01,2.302027450554389176e-01,0.000000000000000000e+00,0.000000000000000000e+00,0.000000000000000000e+00,0.000000000000000000e+00,0.000000000000000000e+00,0.000000000000000000e+00
1.813817140358284341e+00,1.813817140358284341e+00,1.813817140358284341e+00,1.813817140358284341e+00,1.813817140358284341e+00,1.813817140358284341e+00,1.813817140358284341e+00,1.813817140358284341e+00,1.813817140358284341e+00,8.767880870452771092e-02,0.000000000000000000e+00
2.268877988935415146e+00,1.096757642937515431e+00,1.096757642937515431e+00,1.096757642937515431e+00,1.096757642937515431e+00,7.584982471549750471e-01,3.886348474432863576e-01,6.461836581683400027e-02,3.480967407816759618e-02,3.480967407816759618e-02,0.000000000000000000e+00
1.125017740413278844e+00,8.502059493665274914e-01,2.621071240154924098e-01,5.070334779211904674e-02,0.000000000000000000e+00,0.000000000000000000e+00,0.000000000000000000e+00,0.000000000000000000e+00,0.000000000000000000e+00,0.000000000000000000e+00,0.000000000000000000e+00
2.675522756500107846e+00,3.364582420598374313e-01,3.364582420598374313e-01,3.364582420598374313e-01,3.062415256886730219e-02,0.000000000000000000e+00,0.000000000000000000e+00,0.000000000000000000e+00,0.000000000000000000e+00,0.000000000000000000e+00,0.000000000000000000e+00
1.073886243624203374e+00,5.094619299307652227e-01,5.094619299307652227e-01,9.220726954431235356e-02,0.000000000000000000e+00,0.000000000000000000e+00,0.000000000000000000e+00,0.000000000000000000e+00,0.000000000000000000e+00,0.000000000000000000e+00,0.000000000000000000e+00
1.539062324690583239e-01,4.608452751407199344e-03,4.608452751407199344e-03,4.608452751407199344e-03,0.000000000000000000e+00,0.000000000000000000e+00,0.000000000000000000e+00,0.000000000000000000e+00,0.000000000000000000e+00,0.000000000000000000e+00,0.000000000000000000e+00
3.988795904741126996e+00,1.010050586418093310e+00,9.722388313571856955e-01,9.722388313571856955e-01,9.722388313571856955e-01,9.722388313571856955e-01,1.299944434707533958e-01,1.299944434707533958e-01,0.000000000000000000e+00,0.000000000000000000e+00,0.000000000000000000e+00
6.292051446161384121e-01,3.788662929017330150e-01,3.788662929017330150e-01,1.068036414592645755e-01,6.002121540067406613e-03,6.002121540067406613e-03,0.000000000000000000e+00,0.000000000000000000e+00,0.000000000000000000e+00,0.000000000000000000e+00,0.000000000000000000e+00
2.546266363890333118e+00,2.546266363890333118e+00,1.614841721840276634e-01,1.614841721840276634e-01,4.573153143964070466e-02,0.000000000000000000e+00,0.000000000000000000e+00,0.000000000000000000e+00,0.000000000000000000e+00,0.000000000000000000e+00,0.000000000000000000e+00
1.637845492584571350e+00,1.637845492584571350e+00,1.637845492584571350e+00,1.637845492584571350e+00,1.637845492584571350e+00,1.637845492584571350e+00,1.637845492584571350e+00,1.637845492584571350e+00,1.637845492584571350e+00,1.637845492584571350e+00,1.872188602978672733e-01
6.706495786430783035e+00,5.503245443841741746e+00,1.926103580375038149e-01,1.926103580375038149e-01,1.840639597304072339e-02,0.000000000000000000e+00,0.000000000000000000e+00,0.000000000000000000e+00,0.000000000000000000e+00,0.000000000000000000e+00,0.000000000000000000e+00
1.272117788858422749e+00,1.272117788858422749e+00,1.272117788858422749e+00,3.113601357876945031e-01,3.113601357876945031e-01,3.372666137255286856e-02,0.000000000000000000e+00,0.000000000000000000e+00,0.000000000000000000e+00,0.000000000000000000e+00,0.000000000000000000e+00
2.017153499669365857e+00,1.145573606941359346e+00,1.145573606941359346e+00,7.789614186670408280e-01,7.789614186670408280e-01,7.789614186670408280e-01,2.590851318749587406e-01,2.552227196398431097e-01,2.552227196398431097e-01,2.552227196398431097e-01,2.552227196398431097e-01
1.115179781364404654e+00,1.115179781364404654e+00,2.276262258023082907e-01,2.276262258023082907e-01,0.000000000000000000e+00,0.000000000000000000e+00,0.000000000000000000e+00,0.000000000000000000e+00,0.000000000000000000e+00,0.000000000000000000e+00,0.000000000000000000e+00
3.606015304810509248e-01,2.539287716980019871e-01,2.539287716980019871e-01,2.539287716980019871e-01,2.450973695186450252e-01,1.821447377205008822e-01,6.598507866814162792e-02,6.598507866814162792e-02,6.598507866814162792e-02,6.598507866814162792e-02,6.598507866814162792e-02
1.954791061413931885e-01,1.423553088838938052e-01,0.000000000000000000e+00,0.000000000000000000e+00,0.000000000000000000e+00,0.000000000000000000e+00,0.000000000000000000e+00,0.000000000000000000e+00,0.000000000000000000e+00,0.000000000000000000e+00,0.000000000000000000e+00
4.809649705513177054e-01,0.000000000000000000e+00,0.000000000000000000e+00,0.000000000000000000e+00,0.000000000000000000e+00,0.000000000000000000e+00,0.000000000000000000e+00,0.000000000000000000e+00,0.000000000000000000e+00,0.000000000000000000e+00,0.000000000000000000e+00
2.090769380440024250e+00,8.134727406612913825e-01,5.721914929586446874e-02,0.000000000000000000e+00,0.000000000000000000e+00,0.000000000000000000e+00,0.000000000000000000e+00,0.000000000000000000e+00,0.000000000000000000e+00,0.000000000000000000e+00,0.000000000000000000e+00
1.767762469585569818e+00,6.208154601596875821e-01,5.777799596531352222e-02,4.069693718016331729e-02,4.069693718016331729e-02,4.069693718016331729e-02,4.069693718016331729e-02,4.069693718016331729e-02,4.069693718016331729e-02,4.069693718016331729e-02,4.069693718016331729e-02
4.034088887700848503e-01,8.611617817455829993e-02,5.160396195296179656e-02,5.160396195296179656e-02,0.000000000000000000e+00,0.000000000000000000e+00,0.000000000000000000e+00,0.000000000000000000e+00,0.000000000000000000e+00,0.000000000000000000e+00,0.000000000000000000e+00
5.322714353835708678e+00,4.553773698184945928e+00,4.387765344037695137e+00,4.050137108761806992e+00,4.050137108761806992e+00,3.369364549938438813e+00,7.203350618388579818e-01,5.580300406960798654e-01,5.580300406960798654e-01,0.000000000000000000e+00,0.000000000000000000e+00
3.995191875848572494e+00,1.553050064453763923e+00,1.553050064453763923e+00,1.553050064453763923e+00,1.553050064453763923e+00,0.000000000000000000e+00,0.000000000000000000e+00,0.000000000000000000e+00,0.000000000000000000e+00,0.000000000000000000e+00,0.000000000000000000e+00
2.913585360997603679e+00,1.767667897618547812e-01,6.491192950001689610e-02,0.000000000000000000e+00,0.000000000000000000e+00,0.000000000000000000e+00,0.000000000000000000e+00,0.000000000000000000e+00,0.000000000000000000e+00,0.000000000000000000e+00,0.000000000000000000e+00
6.274668828925711317e-01,5.100104724032434866e-01,5.100104724032434866e-01,7.846011212040693295e-02,4.690050815118373961e-02,4.690050815118373961e-02,0.000000000000000000e+00,0.000000000000000000e+00,0.000000000000000000e+00,0.000000000000000000e+00,0.000000000000000000e+00
3.581171131339555558e-02,3.581171131339555558e-02,2.797329700059147939e-02,2.797329700059147939e-02,0.000000000000000000e+00,0.000000000000000000e+00,0.000000000000000000e+00,0.000000000000000000e+00,0.000000000000000000e+00,0.000000000000000000e+00,0.000000000000000000e+00
1.493254489804150875e+00,1.493254489804150875e+00,3.428809802352308367e-01,1.862349639001186219e-01,1.862349639001186219e-01,1.862349639001186219e-01,1.862349639001186219e-01,1.862349639001186219e-01,6.794060609478513868e-02,0.000000000000000000e+00,0.000000000000000000e+00
1.217964390344119963e+00,7.594861549105340615e-01,7.594861549105340615e-01,7.594861549105340615e-01,5.679747949212714531e-01,3.641996669431541989e-01,1.843295002060170162e-01,2.787333155223770120e-02,0.000000000000000000e+00,0.000000000000000000e+00,0.000000000000000000e+00
8.819737070984245975e-02,8.819737070984245975e-02,0.000000000000000000e+00,0.000000000000000000e+00,0.000000000000000000e+00,0.000000000000000000e+00,0.000000000000000000e+00,0.000000000000000000e+00,0.000000000000000000e+00,0.000000000000000000e+00,0.000000000000000000e+00
5.859358779380007931e+00,4.923506680332708996e+00,4.923506680332708996e+00,3.469938985077113180e+00,3.469938985077113180e+00,8.327076314254631129e-01,8.008747651168084403e-01,1.624058626199662569e-01,1.251866594318613579e-01,3.304003486031170667e-02,2.300785031257746027e-03
1.363723258126269933e+00,1.363723258126269933e+00,1.363723258126269933e+00,2.891767939492595474e-01,2.891767939492595474e-01,4.729230808515438866e-02,4.729230808515438866e-02,4.729230808515438866e-02,4.729230808515438866e-02,4.729230808515438866e-02,4.194838627061514558e-02
3.066155604432140969e+00,3.066155604432140969e+00,1.738676790609683387e+00,1.738676790609683387e+00,0.000000000000000000e+00,0.000000000000000000e+00,0.000000000000000000e+00,0.000000000000000000e+00,0.000000000000000000e+00,0.000000000000000000e+00,0.000000000000000000e+00
4.892032668452950261e-01,2.763184162583911530e-01,2.763184162583911530e-01,2.763184162583911530e-01,2.763184162583911530e-01,2.763184162583911530e-01,2.763184162583911530e-01,2.763184162583911530e-01,2.763184162583911530e-01,2.763184162583911530e-01,2.763184162583911530e-01
2.826289833650356798e+00,2.826289833650356798e+00,2.826289833650356798e+00,2.004840821668111950e+00,2.004840821668111950e+00,2.004840821668111950e+00,2.004840821668111950e+00,2.004840821668111950e+00,2.004840821668111950e+00,2.004840821668111950e+00,2.004840821668111950e+00
4.964707024498462573e-01,3.963499594421193706e-01,3.963499594421193706e-01,6.129663431550635977e-02,4.111876931815316993e-02,4.111876931815316993e-02,2.764734127089596427e-02,2.764734127089596427e-02,2.764734127089596427e-02,2.764734127089596427e-02,0.000000000000000000e+00
5.318883268912879103e+00,5.318883268912879103e+00,5.318883268912879103e+00,7.741346473467975997e-01,0.000000000000000000e+00,0.000000000000000000e+00,0.000000000000000000e+00,0.000000000000000000e+00,0.000000000000000000e+00,0.000000000000000000e+00,0.000000000000000000e+00
1.085143823314730582e+00,4.784962679252533491e-01,4.784962679252533491e-01,4.784962679252533491e-01,4.784962679252533491e-01,4.784962679252533491e-01,3.539661417748929395e-01,1.297106150432343341e-01,1.109717730810011460e-02,1.109717730810011460e-02,1.109717730810011460e-02
3.210653539849027904e+00,8.435270173985163211e-01,4.747055875887031817e-01,4.747055875887031817e-01,1.111316324014728352e-01,3.539028351048401078e-02,0.000000000000000000e+00,0.000000000000000000e+00,0.000000000000000000e+00,0.000000000000000000e+00,0.000000000000000000e+00
4.459799886107477462e+00,4.459799886107477462e+00,6.886602061847204581e-01,6.563042752512400213e-01,6.563042752512400213e-01,1.465395271953013889e-01,4.114906573555288105e-02,0.000000000000000000e+00,0.000000000000000000e+00,0.000000000000000000e+00,0.000000000000000000e+00
1.555068348752856267e+00,2.546812263887865413e-02,0.000000000000000000e+00,0.000000000000000000e+00,0.000000000000000000e+00,0.000000000000000000e+00,0.000000000000000000e+00,0.000000000000000000e+00,0.000000000000000000e+00,0.000000000000000000e+00,0.000000000000000000e+00
1.203303790939521889e+00,1.696645454450909085e-01,4.538728434016281454e-02,4.538728434016281454e-02,4.538728434016281454e-02,2.387648757607951921e-02,0.000000000000000000e+00,0.000000000000000000e+00,0.000000000000000000e+00,0.000000000000000000e+00,0.000000000000000000e+00
7.676426453722688947e-01,7.676426453722688947e-01,1.952587958288569681e-01,1.914153601735808508e-01,0.000000000000000000e+00,0.000000000000000000e+00,0.000000000000000000e+00,0.000000000000000000e+00,0.000000000000000000e+00,0.000000000000000000e+00,0.000000000000000000e+00
4.004179235208056298e-01,9.248075020484058939e-02,5.952293484911663768e-03,5.952293484911663768e-03,0.000000000000000000e+00,0.000000000000000000e+00,0.000000000000000000e+00,0.000000000000000000e+00,0.000000000000000000e+00,0.000000000000000000e+00,0.000000000000000000e+00
1.225124679067576494e+00,7.493514656945823305e-01,7.493514656945823305e-01,9.066991932665224851e-02,5.525788918490093238e-03,5.525788918490093238e-03,0.000000000000000000e+00,0.000000000000000000e+00,0.000000000000000000e+00,0.000000000000000000e+00,0.000000000000000000e+00
4.812919613506849714e-01,4.672181902747309934e-01,4.672181902747309934e-01,4.672181902747309934e-01,4.484203710383058983e-01,2.348204804708027282e-01,1.433844809341717763e-01,1.433844809341717763e-01,1.793573748822163694e-02,1.793573748822163694e-02,0.000000000000000000e+00
9.708270120559401306e-01,2.033196022979613105e-01,0.000000000000000000e+00,0.000000000000000000e+00,0.000000000000000000e+00,0.000000000000000000e+00,0.000000000000000000e+00,0.000000000000000000e+00,0.000000000000000000e+00,0.000000000000000000e+00,0.000000000000000000e+00
4.316853730497097530e+00,4.316853730497097530e+00,4.316853730497097530e+00,4.316853730497097530e+00,4.316853730497097530e+00,4.316853730497097530e+00,4.316853730497097530e+00,1.326929780141006709e+00,1.326929780141006709e+00,1.326929780141006709e+00,1.326929780141006709e+00
8.695315966112371342e-02,0.000000000000000000e+00,0.000000000000000000e+00,0.000000000000000000e+00,0.000000000000000000e+00,0.000000000000000000e+00,0.000000000000000000e+00,0.000000000000000000e+00,0.000000000000000000e+00,0.000000000000000000e+00,0.000000000000000000e+00
1.498739002221475936e+00,9.122972370702111533e-01,0.000000000000000000e+00,0.000000000000000000e+00,0.000000000000000000e+00,0.000000000000000000e+00,0.000000000000000000e+00,0.000000000000000000e+00,0.000000000000000000e+00,0.000000000000000000e+00,0.000000000000000000e+00
2.273199300889998664e+00,1.177030699616799403e+00,1.177030699616799403e+00,1.181042178775024709e-01,0.000000000000000000e+00,0.000000000000000000e+00,0.000000000000000000e+00,0.000000000000000000e+00,0.000000000000000000e+00,0.000000000000000000e+00,0.000000000000000000e+00
1.140241214566572125e+00,1.140241214566572125e+00,1.478785517163920815e-01,5.251625797762571324e-02,4.910203395251855341e-02,4.910203395251855341e-02,0.000000000000000000e+00,0.000000000000000000e+00,0.000000000000000000e+00,0.000000000000000000e+00,0.000000000000000000e+00
1.402216732900388507e+00,2.535619590664586198e-01,3.954654232127996494e-02,2.055380305970810895e-02,1.587669936022795270e-02,0.000000000000000000e+00,0.000000000000000000e+00,0.000000000000000000e+00,0.000000000000000000e+00,0.000000000000000000e+00,0.000000000000000000e+00
9.839211568499210969e-01,9.839211568499210969e-01,8.061853406555155033e-01,3.134719681382236445e-02,3.134719681382236445e-02,0.000000000000000000e+00,0.000000000000000000e+00,0.000000000000000000e+00,0.000000000000000000e+00,0.000000000000000000e+00,0.000000000000000000e+00
5.511217065131397419e+00,8.356188095284693418e-01,4.077258623963357920e-01,1.256308347905861211e-01,0.000000000000000000e+00,0.000000000000000000e+00,0.000000000000000000e+00,0.000000000000000000e+00,0.000000000000000000e+00,0.000000000000000000e+00,0.000000000000000000e+00
3.898668439140784425e+00,1.058561392331978546e+00,1.058561392331978546e+00,5.357821562732771881e-01,5.357821562732771881e-01,7.828675651166960847e-04,0.000000000000000000e+00,0.000000000000000000e+00,0.000000000000000000e+00,0.000000000000000000e+00,0.000000000000000000e+00
6.737369558139748804e+00,5.124121942132900287e+00,5.380742041764410288e-01,5.380742041764410288e-01,1.145063464214715054e-01,0.000000000000000000e+00,0.000000000000000000e+00,0.000000000000000000e+00,0.000000000000000000e+00,0.000000000000000000e+00,0.000000000000000000e+00
5.628088641134656456e+00,1.147347153786800078e+00,1.147347153786800078e+00,0.000000000000000000e+00,0.000000000000000000e+00,0.000000000000000000e+00,0.000000000000000000e+00,0.000000000000000000e+00,0.000000000000000000e+00,0.000000000000000000e+00,0.000000000000000000e+00
2.688034618355973571e+00,3.098564648807684563e-01,2.584515921115340120e-01,2.584515921115340120e-01,1.430080779746667474e-02,0.000000000000000000e+00,0.000000000000000000e+00,0.000000000000000000e+00,0.000000000000000000e+00,0.000000000000000000e+00,0.000000000000000000e+00
3.728445762393346463e+00,1.875601237883092409e+00,1.875601237883092409e+00,1.334857773131141734e+00,1.179743364377401349e-01,0.000000000000000000e+00,0.000000000000000000e+00,0.000000000000000000e+00,0.000000000000000000e+00,0.000000000000000000e+00,0.000000000000000000e+00
1.056213609572864698e-03,1.056213609572864698e-03,1.056213609572864698e-03,0.000000000000000000e+00,0.000000000000000000e+00,0.000000000000000000e+00,0.000000000000000000e+00,0.000000000000000000e+00,0.000000000000000000e+00,0.000000000000000000e+00,0.000000000000000000e+00
1.918234806591019748e+00,3.793270794244110178e-01,3.735453042282168568e-01,3.735453042282168568e-01,6.056076597649884263e-02,0.000000000000000000e+00,0.000000000000000000e+00,0.000000000000000000e+00,0.000000000000000000e+00,0.000000000000000000e+00,0.000000000000000000e+00
1.723897763542395545e+00,7.722047038318189394e-01,6.929348488308275655e-01,6.929348488308275655e-01,1.281912745850761759e-01,2.853585369242583880e-02,0.000000000000000000e+00,0.000000000000000000e+00,0.000000000000000000e+00,0.000000000000000000e+00,0.000000000000000000e+00
2.421021942854108211e+00,6.877470705730459599e-02,1.033787647472284021e-02,1.033787647472284021e-02,1.033787647472284021e-02,1.033787647472284021e-02,0.000000000000000000e+00,0.000000000000000000e+00,0.000000000000000000e+00,0.000000000000000000e+00,0.000000000000000000e+00
9.854593086074112662e-01,2.380636360988370726e-01,1.077075138923664355e-01,1.055182438595814176e-02,1.055182438595814176e-02,0.000000000000000000e+00,0.000000000000000000e+00,0.000000000000000000e+00,0.000000000000000000e+00,0.000000000000000000e+00,0.000000000000000000e+00
8.992241090229402545e-02,8.797372784033363757e-03,0.000000000000000000e+00,0.000000000000000000e+00,0.000000000000000000e+00,0.000000000000000000e+00,0.000000000000000000e+00,0.000000000000000000e+00,0.000000000000000000e+00,0.000000000000000000e+00,0.000000000000000000e+00
8.854715873321170605e-01,8.854715873321170605e-01,4.446516629064856119e-02,4.446516629064856119e-02,4.446516629064856119e-02,4.446516629064856119e-02,4.446516629064856119e-02,4.446516629064856119e-02,4.446516629064856119e-02,4.446516629064856119e-02,4.446516629064856119e-02
1.203000084061830677e+00,1.203000084061830677e+00,1.203000084061830677e+00,2.809737565016128258e-01,2.809737565016128258e-01,2.809737565016128258e-01,2.809737565016128258e-01,2.809737565016128258e-01,2.809737565016128258e-01,2.809737565016128258e-01,2.809737565016128258e-01
2.771214679898501121e+00,2.771214679898501121e+00,2.771214679898501121e+00,3.666441723302487077e-01,1.668013558783876249e-01,9.929207714828525155e-02,6.085072873273489336e-02,0.000000000000000000e+00,0.000000000000000000e+00,0.000000000000000000e+00,0.000000000000000000e+00
1.441232621308037309e-01,1.714130512366285330e-02,4.081860490510180739e-03,4.081860490510180739e-03,0.000000000000000000e+00,0.000000000000000000e+00,0.000000000000000000e+00,0.000000000000000000e+00,0.000000000000000000e+00,0.000000000000000000e+00,0.000000000000000000e+00
1.076699105819897362e+00,2.603646466558062755e-01,4.400117673051884282e-02,4.400117673051884282e-02,2.205370077540180773e-03,2.205370077540180773e-03,2.205370077540180773e-03,2.205370077540180773e-03,2.205370077540180773e-03,2.205370077540180773e-03,2.205370077540180773e-03
1.782973362408351470e+00,4.503677139789807882e-01,2.371055679278892825e-01,2.371055679278892825e-01,0.000000000000000000e+00,0.000000000000000000e+00,0.000000000000000000e+00,0.000000000000000000e+00,0.000000000000000000e+00,0.000000000000000000e+00,0.000000000000000000e+00
2.956435514351636762e+00,0.000000000000000000e+00,0.000000000000000000e+00,0.000000000000000000e+00,0.000000000000000000e+00,0.000000000000000000e+00,0.000000000000000000e+00,0.000000000000000000e+00,0.000000000000000000e+00,0.000000000000000000e+00,0.000000000000000000e+00
1.737927815664577658e+00,1.737927815664577658e+00,1.737927815664577658e+00,1.737927815664577658e+00,0.000000000000000000e+00,0.000000000000000000e+00,0.000000000000000000e+00,0.000000000000000000e+00,0.000000000000000000e+00,0.000000000000000000e+00,0.000000000000000000e+00
1.874785810146435860e+00,2.895436876787691460e-01,1.969538389953013890e-01,1.156300772379452724e-01,1.156300772379452724e-01,1.156300772379452724e-01,1.156300772379452724e-01,1.156300772379452724e-01,1.156300772379452724e-01,0.000000000000000000e+00,0.000000000000000000e+00
4.104933667332961278e+00,4.104933667332961278e+00,4.104933667332961278e+00,4.104933667332961278e+00,0.000000000000000000e+00,0.000000000000000000e+00,0.000000000000000000e+00,0.000000000000000000e+00,0.000000000000000000e+00,0.000000000000000000e+00,0.000000000000000000e+00
1.333843137104798071e+00,3.478357020883966477e-01,7.569010768171979819e-02,2.492869890586213444e-02,2.492869890586213444e-02,0.000000000000000000e+00,0.000000000000000000e+00,0.000000000000000000e+00,0.000000000000000000e+00,0.000000000000000000e+00,0.000000000000000000e+00
5.868524630540610687e+00,4.059789708140558950e+00,1.650849971446222142e-01,1.031165230163182400e-01,4.646672243622873566e-02,4.646672243622873566e-02,0.000000000000000000e+00,0.000000000000000000e+00,0.000000000000000000e+00,0.000000000000000000e+00,0.000000000000000000e+00
1.211187487909398897e+00,5.633847007234216164e-02,0.000000000000000000e+00,0.000000000000000000e+00,0.000000000000000000e+00,0.000000000000000000e+00,0.000000000000000000e+00,0.000000000000000000e+00,0.000000000000000000e+00,0.000000000000000000e+00,0.000000000000000000e+00
2.264711674996679136e+00,8.996097957670707856e-01,8.996097957670707856e-01,1.837816811197914291e-01,1.837816811197914291e-01,1.578505216007846101e-01,1.578505216007846101e-01,1.578505216007846101e-01,1.578505216007846101e-01,1.578505216007846101e-01,1.578505216007846101e-01
2.882905620509346178e-01,2.882905620509346178e-01,1.029199419281212613e-01,0.000000000000000000e+00,0.000000000000000000e+00,0.000000000000000000e+00,0.000000000000000000e+00,0.000000000000000000e+00,0.000000000000000000e+00,0.000000000000000000e+00,0.000000000000000000e+00
2.599204451120386228e+00,1.522336229616430003e-01,2.429214544953417487e-02,0.000000000000000000e+00,0.000000000000000000e+00,0.000000000000000000e+00,0.000000000000000000e+00,0.000000000000000000e+00,0.000000000000000000e+00,0.000000000000000000e+00,0.000000000000000000e+00
4.014021696636221215e+00,1.756210042490894629e+00,2.018472125648074211e-02,0.000000000000000000e+00,0.000000000000000000e+00,0.000000000000000000e+00,0.000000000000000000e+00,0.000000000000000000e+00,0.000000000000000000e+00,0.000000000000000000e+00,0.000000000000000000e+00
2.037687708942979903e+00,2.037687708942979903e+00,1.530218005659462754e+00,1.530218005659462754e+00,1.028743427709564173e-01,1.028743427709564173e-01,0.000000000000000000e+00,0.000000000000000000e+00,0.000000000000000000e+00,0.000000000000000000e+00,0.000000000000000000e+00
2.264326766824140691e+00,1.262332677793569502e-01,1.262332677793569502e-01,0.000000000000000000e+00,0.000000000000000000e+00,0.000000000000000000e+00,0.000000000000000000e+00,0.000000000000000000e+00,0.000000000000000000e+00,0.000000000000000000e+00,0.000000000000000000e+00
4.339937411467924555e+00,4.339937411467924555e+00,4.339937411467924555e+00,4.339937411467924555e+00,4.339937411467924555e+00,0.000000000000000000e+00,0.000000000000000000e+00,0.000000000000000000e+00,0.000000000000000000e+00,0.000000000000000000e+00,0.000000000000000000e+00
6.784531435024249157e-01,1.948145710367295003e-01,1.908774160760153826e-01,1.908774160760153826e-01,1.908774160760153826e-01,1.908774160760153826e-01,1.908774160760153826e-01,1.456074261441302475e-01,2.399435990487042147e-02,0.000000000000000000e+00,0.000000000000000000e+00
1.269093665570494522e+00,6.247860242539173825e-01,6.247860242539173825e-01,0.000000000000000000e+00,0.000000000000000000e+00,0.000000000000000000e+00,0.000000000000000000e+00,0.000000000000000000e+00,0.000000000000000000e+00,0.000000000000000000e+00,0.000000000000000000e+00
2.452027092701676736e+00,3.102975264599052707e-01,3.102975264599052707e-01,2.094763718499716987e-01,1.431029706336115481e-01,1.431029706336115481e-01,1.431029706336115481e-01,1.431029706336115481e-01,1.431029706336115481e-01,1.431029706336115481e-01,4.144509693176079423e-02
5.227049447824683170e+00,4.961745329593725273e-01,4.961745329593725273e-01,4.415889447315235472e-01,4.415889447315235472e-01,4.415889447315235472e-01,4.415889447315235472e-01,3.312367606005457432e-01,8.105470848145834850e-03,0.000000000000000000e+00,0.000000000000000000e+00
1.601990477617573738e+00,1.601990477617573738e+00,1.173987713138426869e+00,2.239142787894783382e-01,4.285781011209532920e-02,4.285781011209532920e-02,0.000000000000000000e+00,0.000000000000000000e+00,0.000000000000000000e+00,0.000000000000000000e+00,0.000000000000000000e+00
3.621989107585903422e+00,1.954456224232554717e-01,4.736403908895958637e-02,0.000000000000000000e+00,0.000000000000000000e+00,0.000000000000000000e+00,0.000000000000000000e+00,0.000000000000000000e+00,0.000000000000000000e+00,0.000000000000000000e+00,0.000000000000000000e+00
8.571877662824167743e-01,2.374986424247378380e-01,2.374986424247378380e-01,2.374986424247378380e-01,0.000000000000000000e+00,0.000000000000000000e+00,0.000000000000000000e+00,0.000000000000000000e+00,0.000000000000000000e+00,0.000000000000000000e+00,0.000000000000000000e+00
5.372089338673355918e-01,5.372089338673355918e-01,2.743610787122197081e-01,2.509698124946466713e-01,2.509698124946466713e-01,2.509698124946466713e-01,2.509698124946466713e-01,8.451900686902558135e-02,0.000000000000000000e+00,0.000000000000000000e+00,0.000000000000000000e+00
5.270477412299302777e+00,2.136360868364375776e+00,1.033226257653432789e+00,1.033226257653432789e+00,3.450764485551500727e-01,2.635674685487643387e-03,0.000000000000000000e+00,0.000000000000000000e+00,0.000000000000000000e+00,0.000000000000000000e+00,0.000000000000000000e+00
2.418968360077843993e+00,2.418968360077843993e+00,2.418968360077843993e+00,2.418968360077843993e+00,2.418968360077843993e+00,2.418968360077843993e+00,2.418968360077843993e+00,1.058007346055287456e-01,1.662989426412853078e-02,0.000000000000000000e+00,0.000000000000000000e+00
2.467343502007812717e+00,2.467343502007812717e+00,2.467343502007812717e+00,2.042335159205002526e+00,3.330718914872665692e-01,9.665961527581945489e-02,3.171581843772663944e-02,3.171581843772663944e-02,0.000000000000000000e+00,0.000000000000000000e+00,0.000000000000000000e+00
2.953713409900286191e+00,1.679138193740836282e+00,1.679138193740836282e+00,1.679138193740836282e+00,1.446114134654038264e+00,1.446114134654038264e+00,1.446114134654038264e+00,0.000000000000000000e+00,0.000000000000000000e+00,0.000000000000000000e+00,0.000000000000000000e+00
3.221607596746244973e+00,9.334897784066864546e-02,8.207796181228488308e-02,4.520599803426339491e-02,8.736546862746052966e-03,0.000000000000000000e+00,0.000000000000000000e+00,0.000000000000000000e+00,0.000000000000000000e+00,0.000000000000000000e+00,0.000000000000000000e+00
8.276642849805577740e-01,1.530983756741619572e-01,1.513228650239542006e-01,3.073582182577716537e-02,0.000000000000000000e+00,0.000000000000000000e+00,0.000000000000000000e+00,0.000000000000000000e+00,0.000000000000000000e+00,0.000000000000000000e+00,0.000000000000000000e+00
8.915369554998076040e-01,1.288010364848766187e-01,0.000000000000000000e+00,0.000000000000000000e+00,0.000000000000000000e+00,0.000000000000000000e+00,0.000000000000000000e+00,0.000000000000000000e+00,0.000000000000000000e+00,0.000000000000000000e+00,0.000000000000000000e+00
4.230078329712744889e+00,2.922599178436649847e+00,2.922599178436649847e+00,1.838968743307732190e+00,1.838968743307732190e+00,1.838968743307732190e+00,1.838968743307732190e+00,1.838968743307732190e+00,1.838968743307732190e+00,1.838968743307732190e+00,1.838968743307732190e+00
3.282309730746021614e+00,3.282309730746021614e+00,8.847505680586440491e-01,4.877574471969294834e-01,4.877574471969294834e-01,8.599378857336148485e-02,5.369435992956628212e-02,5.369435992956628212e-02,0.000000000000000000e+00,0.000000000000000000e+00,0.000000000000000000e+00
2.584578910181964062e+00,2.584578910181964062e+00,0.000000000000000000e+00,0.000000000000000000e+00,0.000000000000000000e+00,0.000000000000000000e+00,0.000000000000000000e+00,0.000000000000000000e+00,0.000000000000000000e+00,0.000000000000000000e+00,0.000000000000000000e+00
2.710250560075122106e+00,2.385725193435541236e+00,2.385725193435541236e+00,2.385725193435541236e+00,2.385725193435541236e+00,2.385725193435541236e+00,2.385725193435541236e+00,2.385725193435541236e+00,2.385725193435541236e+00,0.000000000000000000e+00,0.000000000000000000e+00
2.697642097139171469e+00,8.648686047736298121e-02,8.648686047736298121e-02,0.000000000000000000e+00,0.000000000000000000e+00,0.000000000000000000e+00,0.000000000000000000e+00,0.000000000000000000e+00,0.000000000000000000e+00,0.000000000000000000e+00,0.000000000000000000e+00
2.026882578868459905e+00,9.348175920440020548e-01,6.565459062044611827e-01,6.565459062044611827e-01,4.126022631605428259e-01,4.126022631605428259e-01,4.126022631605428259e-01,4.126022631605428259e-01,4.126022631605428259e-01,4.126022631605428259e-01,4.126022631605428259e-01
3.150258804924428446e+00,3.150258804924428446e+00,3.150258804924428446e+00,3.150258804924428446e+00,3.150258804924428446e+00,3.202801083055728526e-02,0.000000000000000000e+00,0.000000000000000000e+00,0.000000000000000000e+00,0.000000000000000000e+00,0.000000000000000000e+00
4.760323552471312780e-01,4.760323552471312780e-01,1.318628214141135402e-01,5.476402352045095512e-02,1.588081391547646604e-02,0.000000000000000000e+00,0.000000000000000000e+00,0.000000000000000000e+00,0.000000000000000000e+00,0.000000000000000000e+00,0.000000000000000000e+00
2.304693342688736823e+00,1.231114378237537110e+00,1.231114378237537110e+00,8.677313702593565381e-01,5.690392002269266669e-01,4.635347241524456763e-01,2.885165978184645041e-01,2.885165978184645041e-01,5.261876413877697445e-02,3.871448031281321533e-02,0.000000000000000000e+00
0.000000000000000000e+00,0.000000000000000000e+00,0.000000000000000000e+00,0.000000000000000000e+00,0.000000000000000000e+00,0.000000000000000000e+00,0.000000000000000000e+00,0.000000000000000000e+00,0.000000000000000000e+00,0.000000000000000000e+00,0.000000000000000000e+00
2.330836711787712012e+00,1.347109010200569834e+00,1.347109010200569834e+00,1.347109010200569834e+00,1.347109010200569834e+00,1.879381899961627411e-01,1.879381899961627411e-01,2.628212071347491019e-02,5.113035630524009889e-04,5.113035630524009889e-04,0.000000000000000000e+00
2.447779733044943562e+00,2.447779733044943562e+00,2.447779733044943562e+00,2.447779733044943562e+00,2.447779733044943562e+00,2.447779733044943562e+00,2.447779733044943562e+00,7.580814051077711113e-02,2.570874373661302670e-02,0.000000000000000000e+00,0.000000000000000000e+00
1.247926594635508479e+00,1.162436429381212832e+00,1.162436429381212832e+00,8.954222356311447584e-02,0.000000000000000000e+00,0.000000000000000000e+00,0.000000000000000000e+00,0.000000000000000000e+00,0.000000000000000000e+00,0.000000000000000000e+00,0.000000000000000000e+00
4.227008222345570054e+00,3.529218003461431774e+00,1.705505267048393669e+00,0.000000000000000000e+00,0.000000000000000000e+00,0.000000000000000000e+00,0.000000000000000000e+00,0.000000000000000000e+00,0.000000000000000000e+00,0.000000000000000000e+00,0.000000000000000000e+00
8.210583038086936014e-01,8.210583038086936014e-01,3.139614761638434004e-01,1.440772100735250305e-01,0.000000000000000000e+00,0.000000000000000000e+00,0.000000000000000000e+00,0.000000000000000000e+00,0.000000000000000000e+00,0.000000000000000000e+00,0.000000000000000000e+00
1.077502561230829770e+00,1.037565038662997097e+00,1.135866705369101837e-01,3.194228452661818096e-02,3.194228452661818096e-02,1.101182123131660973e-02,0.000000000000000000e+00,0.000000000000000000e+00,0.000000000000000000e+00,0.000000000000000000e+00,0.000000000000000000e+00
3.762682541707143002e+00,3.762682541707143002e+00,3.762682541707143002e+00,1.071240182723751211e+00,6.146713739977274216e-01,1.500223178762150056e-01,1.500223178762150056e-01,1.271367778713266006e-01,0.000000000000000000e+00,0.000000000000000000e+00,0.000000000000000000e+00
3.278404439796123171e-01,3.189819442483159406e-01,9.026788710689270800e-02,0.000000000000000000e+00,0.000000000000000000e+00,0.000000000000000000e+00,0.000000000000000000e+00,0.000000000000000000e+00,0.000000000000000000e+00,0.000000000000000000e+00,0.000000000000000000e+00
1.992322514937248101e-01,1.992322514937248101e-01,9.907152608449099063e-02,2.707558960037559359e-02,2.707558960037559359e-02,0.000000000000000000e+00,0.000000000000000000e+00,0.000000000000000000e+00,0.000000000000000000e+00,0.000000000000000000e+00,0.000000000000000000e+00
4.653124905687473500e-01,4.653124905687473500e-01,4.554562020012236090e-01,1.653498697947863860e-01,1.653498697947863860e-01,2.745417866225619008e-02,0.000000000000000000e+00,0.000000000000000000e+00,0.000000000000000000e+00,0.000000000000000000e+00,0.000000000000000000e+00
4.199473516859626443e-01,4.199473516859626443e-01,6.077486741911819479e-02,4.514643416268171450e-02,4.514643416268171450e-02,0.000000000000000000e+00,0.000000000000000000e+00,0.000000000000000000e+00,0.000000000000000000e+00,0.000000000000000000e+00,0.000000000000000000e+00
3.171747777193446360e+00,3.171747777193446360e+00,3.171747777193446360e+00,3.171747777193446360e+00,3.171747777193446360e+00,0.000000000000000000e+00,0.000000000000000000e+00,0.000000000000000000e+00,0.000000000000000000e+00,0.000000000000000000e+00,0.000000000000000000e+00
1.662245246146001776e+00,1.662245246146001776e+00,8.577765917033364218e-01,8.577765917033364218e-01,1.316162853793532150e-01,1.316162853793532150e-01,0.000000000000000000e+00,0.000000000000000000e+00,0.000000000000000000e+00,0.000000000000000000e+00,0.000000000000000000e+00
2.817177436057702877e-01,2.817177436057702877e-01,5.496699050441122836e-02,5.496699050441122836e-02,2.687323866473789735e-02,0.000000000000000000e+00,0.000000000000000000e+00,0.000000000000000000e+00,0.000000000000000000e+00,0.000000000000000000e+00,0.000000000000000000e+00
2.228632141271458700e+00,2.228632141271458700e+00,2.098122945927489713e+00,2.098122945927489713e+00,1.524843102509218173e+00,1.524843102509218173e+00,7.328519893557285947e-01,7.328519893557285947e-01,7.328519893557285947e-01,7.328519893557285947e-01,4.670797793965442146e-01
3.076308713352291946e+00,3.076308713352291946e+00,1.961517413402240617e+00,1.017551505238329490e+00,1.017551505238329490e+00,1.017551505238329490e+00,5.397097703325988149e-01,3.187501488671173888e-01,3.187501488671173888e-01,4.866116961503585969e-02,1.222847372928637100e-02
4.528841020940754802e+00,5.446138685756070075e-01,5.446138685756070075e-01,3.097514178925919737e-02,0.000000000000000000e+00,0.000000000000000000e+00,0.000000000000000000e+00,0.000000000000000000e+00,0.000000000000000000e+00,0.000000000000000000e+00,0.000000000000000000e+00
3.409543029875079512e-01,1.094092725304749436e-01,1.532010675401984656e-03,0.000000000000000000e+00,0.000000000000000000e+00,0.000000000000000000e+00,0.000000000000000000e+00,0.000000000000000000e+00,0.000000000000000000e+00,0.000000000000000000e+00,0.000000000000000000e+00
2.810687258683512102e+00,2.810687258683512102e+00,2.726249207427640098e+00,2.726249207427640098e+00,8.648061202235268752e-03,8.648061202235268752e-03,0.000000000000000000e+00,0.000000000000000000e+00,0.000000000000000000e+00,0.000000000000000000e+00,0.000000000000000000e+00
1.893038758875710270e+00,9.362081536697424156e-01,9.362081536697424156e-01,1.824683001712195107e-01,1.517644019054107396e-01,8.510515270539054100e-02,8.510515270539054100e-02,8.510515270539054100e-02,1.111197508001238177e-02,0.000000000000000000e+00,0.000000000000000000e+00
1.947701211820222156e+00,1.947701211820222156e+00,4.297865241479614795e-01,1.812107035918151254e-01,1.812107035918151254e-01,2.322900174529518580e-02,2.322900174529518580e-02,4.600191539550380071e-03,0.000000000000000000e+00,0.000000000000000000e+00,0.000000000000000000e+00
2.158932273414067016e+00,2.092339290153828468e+00,2.092339290153828468e+00,4.956807546962123112e-01,7.399953966583439069e-02,0.000000000000000000e+00,0.000000000000000000e+00,0.000000000000000000e+00,0.000000000000000000e+00,0.000000000000000000e+00,0.000000000000000000e+00
7.365566008790507269e-01,7.365566008790507269e-01,7.365566008790507269e-01,1.170252113311303077e-01,0.000000000000000000e+00,0.000000000000000000e+00,0.000000000000000000e+00,0.000000000000000000e+00,0.000000000000000000e+00,0.000000000000000000e+00,0.000000000000000000e+00
8.738559507805128135e-01,2.738031932967022186e-01,2.550657915268033094e-01,2.550657915268033094e-01,0.000000000000000000e+00,0.000000000000000000e+00,0.000000000000000000e+00,0.000000000000000000e+00,0.000000000000000000e+00,0.000000000000000000e+00,0.000000000000000000e+00
4.972982888799004186e+00,4.972982888799004186e+00,4.972982888799004186e+00,4.972982888799004186e+00,4.972982888799004186e+00,4.972982888799004186e+00,4.972982888799004186e+00,4.972982888799004186e+00,0.000000000000000000e+00,0.000000000000000000e+00,0.000000000000000000e+00
4.782485376803879973e-01,1.370546269394079530e-01,4.743215559123648006e-02,4.743215559123648006e-02,0.000000000000000000e+00,0.000000000000000000e+00,0.000000000000000000e+00,0.000000000000000000e+00,0.000000000000000000e+00,0.000000000000000000e+00,0.000000000000000000e+00
1.225406359475336160e+00,1.225406359475336160e+00,1.225406359475336160e+00,1.225406359475336160e+00,1.225406359475336160e+00,1.225406359475336160e+00,2.516979453131087396e-01,4.629806073494346919e-02,0.000000000000000000e+00,0.000000000000000000e+00,0.000000000000000000e+00
1.078648560234668707e+00,1.078648560234668707e+00,1.078648560234668707e+00,1.078648560234668707e+00,1.078648560234668707e+00,0.000000000000000000e+00,0.000000000000000000e+00,0.000000000000000000e+00,0.000000000000000000e+00,0.000000000000000000e+00,0.000000000000000000e+00
3.515520328734786482e+00,2.092942694632077050e+00,2.092942694632077050e+00,1.416621238938321703e+00,1.416621238938321703e+00,8.829426384811007722e-01,6.883342301651804718e-01,1.260142006113751378e-01,0.000000000000000000e+00,0.000000000000000000e+00,0.000000000000000000e+00
2.765036763041788248e+00,2.765036763041788248e+00,2.272513828027277860e+00,2.272513828027277860e+00,2.272513828027277860e+00,2.272513828027277860e+00,2.272513828027277860e+00,6.826355627352422850e-01,9.407687714011014890e-02,0.000000000000000000e+00,0.000000000000000000e+00
2.498735295054165917e+00,2.498735295054165917e+00,2.498735295054165917e+00,2.487461635275511895e-01,2.266919038120462915e-01,1.719684729120700695e-01,1.421151024121218853e-01,1.421151024121218853e-01,1.044414852694854901e-01,1.033988817772613089e-02,0.000000000000000000e+00
2.343548452101241963e+00,1.420133171290238749e-01,1.420133171290238749e-01,1.984093323094526795e-02,0.000000000000000000e+00,0.000000000000000000e+00,0.000000000000000000e+00,0.000000000000000000e+00,0.000000000000000000e+00,0.000000000000000000e+00,0.000000000000000000e+00
3.373162523715190542e+00,6.320544230039892852e-02,6.320544230039892852e-02,6.048424165617127812e-03,0.000000000000000000e+00,0.000000000000000000e+00,0.000000000000000000e+00,0.000000000000000000e+00,0.000000000000000000e+00,0.000000000000000000e+00,0.000000000000000000e+00
3.640195088206469975e+00,3.230109680207834177e+00,2.875046193962062624e+00,1.551835511104497911e+00,9.852736713835881233e-01,0.000000000000000000e+00,0.000000000000000000e+00,0.000000000000000000e+00,0.000000000000000000e+00,0.000000000000000000e+00,0.000000000000000000e+00
3.537039515075616869e+00,3.537039515075616869e+00,3.537039515075616869e+00,3.537039515075616869e+00,3.537039515075616869e+00,2.201038642470258822e-01,2.201038642470258822e-01,4.517720232301325467e-02,2.027838788238778278e-02,0.000000000000000000e+00,0.000000000000000000e+00
2.788837316201499661e+00,2.788837316201499661e+00,2.788837316201499661e+00,3.524859158158433203e-01,3.524859158158433203e-01,0.000000000000000000e+00,0.000000000000000000e+00,0.000000000000000000e+00,0.000000000000000000e+00,0.000000000000000000e+00,0.000000000000000000e+00
4.727876599560598692e-01,1.395245379416660825e-01,1.395245379416660825e-01,0.000000000000000000e+00,0.000000000000000000e+00,0.000000000000000000e+00,0.000000000000000000e+00,0.000000000000000000e+00,0.000000000000000000e+00,0.000000000000000000e+00,0.000000000000000000e+00
2.339179215449261662e+00,2.339179215449261662e+00,1.694994773201477400e+00,1.694994773201477400e+00,1.694994773201477400e+00,1.694994773201477400e+00,1.694994773201477400e+00,1.694994773201477400e+00,1.694994773201477400e+00,8.824232338570858758e-02,0.000000000000000000e+00
4.160138789759128208e+00,4.160138789759128208e+00,3.340214202217275385e-01,3.340214202217275385e-01,3.340214202217275385e-01,3.340214202217275385e-01,3.340214202217275385e-01,3.340214202217275385e-01,3.340214202217275385e-01,6.054281990979593076e-02,1.354794487534860536e-02
1.039930045093894861e+00,2.897363330183102548e-01,9.095445589578865508e-02,9.095445589578865508e-02,0.000000000000000000e+00,0.000000000000000000e+00,0.000000000000000000e+00,0.000000000000000000e+00,0.000000000000000000e+00,0.000000000000000000e+00,0.000000000000000000e+00
7.854977158993765585e-01,0.000000000000000000e+00,0.000000000000000000e+00,0.000000000000000000e+00,0.000000000000000000e+00,0.000000000000000000e+00,0.000000000000000000e+00,0.000000000000000000e+00,0.000000000000000000e+00,0.000000000000000000e+00,0.000000000000000000e+00
8.390019242958799417e-01,1.735842002193836997e-01,2.371344132452657405e-02,0.000000000000000000e+00,0.000000000000000000e+00,0.000000000000000000e+00,0.000000000000000000e+00,0.000000000000000000e+00,0.000000000000000000e+00,0.000000000000000000e+00,0.000000000000000000e+00
5.725789030894965492e-01,1.306617005798687003e-01,0.000000000000000000e+00,0.000000000000000000e+00,0.000000000000000000e+00,0.000000000000000000e+00,0.000000000000000000e+00,0.000000000000000000e+00,0.000000000000000000e+00,0.000000000000000000e+00,0.000000000000000000e+00
2.987218141910259028e+00,2.987218141910259028e+00,2.322256416052108641e+00,2.322256416052108641e+00,2.322256416052108641e+00,2.322256416052108641e+00,2.322256416052108641e+00,2.322256416052108641e+00,1.951336608542375117e+00,1.385027357395832937e+00,1.385027357395832937e+00
1.199555478536241004e+00,6.802257287958211052e-01,0.000000000000000000e+00,0.000000000000000000e+00,0.000000000000000000e+00,0.000000000000000000e+00,0.000000000000000000e+00,0.000000000000000000e+00,0.000000000000000000e+00,0.000000000000000000e+00,0.000000000000000000e+00
1.402872753125002703e+00,8.478040173444680860e-01,8.478040173444680860e-01,1.329049088696301339e-01,0.000000000000000000e+00,0.000000000000000000e+00,0.000000000000000000e+00,0.000000000000000000e+00,0.000000000000000000e+00,0.000000000000000000e+00,0.000000000000000000e+00
1.971536337322530308e+00,1.971536337322530308e+00,2.737645715359446896e-01,2.737645715359446896e-01,2.737645715359446896e-01,2.737645715359446896e-01,2.624612893130775504e-01,3.999323757315842442e-02,0.000000000000000000e+00,0.000000000000000000e+00,0.000000000000000000e+00
1.160677948078810751e+00,1.006916716094321984e+00,1.006916716094321984e+00,1.301517893940307147e-01,1.301517893940307147e-01,0.000000000000000000e+00,0.000000000000000000e+00,0.000000000000000000e+00,0.000000000000000000e+00,0.000000000000000000e+00,0.000000000000000000e+00
2.973429626702261519e+00,1.124574647637735403e+00,1.124574647637735403e+00,1.732451367184957292e-01,5.922459062414997533e-02,4.745489377954026367e-02,2.607693669468780229e-03,2.607693669468780229e-03,0.000000000000000000e+00,0.000000000000000000e+00,0.000000000000000000e+00
3.671407814316101081e-01,2.850366912807165143e-01,2.850366912807165143e-01,2.850366912807165143e-01,1.489563964618634273e-02,0.000000000000000000e+00,0.000000000000000000e+00,0.000000000000000000e+00,0.000000000000000000e+00,0.000000000000000000e+00,0.000000000000000000e+00
1.530622568825386054e+00,1.530622568825386054e+00,1.530622568825386054e+00,7.418141321858451320e-01,0.000000000000000000e+00,0.000000000000000000e+00,0.000000000000000000e+00,0.000000000000000000e+00,0.000000000000000000e+00,0.000000000000000000e+00,0.000000000000000000e+00
4.508933958102494977e+00,4.508933958102494977e+00,4.508933958102494977e+00,4.508933958102494977e+00,4.508933958102494977e+00,4.508933958102494977e+00,4.508933958102494977e+00,3.825485579352983834e+00,3.825485579352983834e+00,8.496391261435594089e-01,1.568532295217535122e-01
7.828537972685034596e-01,7.828537972685034596e-01,7.828537972685034596e-01,7.828537972685034596e-01,7.828537972685034596e-01,7.828537972685034596e-01,7.828537972685034596e-01,7.828537972685034596e-01,8.284508992719707976e-02,0.000000000000000000e+00,0.000000000000000000e+00
1.003846607679013125e+00,1.542888515686700046e-01,8.151020357130001059e-03,0.000000000000000000e+00,0.000000000000000000e+00,0.000000000000000000e+00,0.000000000000000000e+00,0.000000000000000000e+00,0.000000000000000000e+00,0.000000000000000000e+00,0.000000000000000000e+00
3.205742984778283677e+00,3.042518594828486300e+00,3.042518594828486300e+00,3.042518594828486300e+00,3.042518594828486300e+00,3.042518594828486300e+00,3.042518594828486300e+00,3.042518594828486300e+00,3.042518594828486300e+00,5.945285749599138470e-01,5.945285749599138470e-01
3.015514057029197836e+00,1.707675473038684721e+00,7.372133648276841811e-01,3.758767379592198310e-01,3.758767379592198310e-01,0.000000000000000000e+00,0.000000000000000000e+00,0.000000000000000000e+00,0.000000000000000000e+00,0.000000000000000000e+00,0.000000000000000000e+00
9.973031376460572694e-01,9.973031376460572694e-01,4.221181068464563424e-01,2.241208937399594703e-01,1.702163148097746159e-02,1.702163148097746159e-02,1.702163148097746159e-02,1.452452174222340631e-02,0.000000000000000000e+00,0.000000000000000000e+00,0.000000000000000000e+00
4.696591907253374387e+00,5.194089886677311085e-02,0.000000000000000000e+00,0.000000000000000000e+00,0.000000000000000000e+00,0.000000000000000000e+00,0.000000000000000000e+00,0.000000000000000000e+00,0.000000000000000000e+00,0.000000000000000000e+00,0.000000000000000000e+00
6.025098419064640609e-01,3.012673998260293473e-01,3.012673998260293473e-01,1.067957645521300236e-01,0.000000000000000000e+00,0.000000000000000000e+00,0.000000000000000000e+00,0.000000000000000000e+00,0.000000000000000000e+00,0.000000000000000000e+00,0.000000000000000000e+00
4.389163361794910401e+00,4.389163361794910401e+00,3.764974807974130755e-02,0.000000000000000000e+00,0.000000000000000000e+00,0.000000000000000000e+00,0.000000000000000000e+00,0.000000000000000000e+00,0.000000000000000000e+00,0.000000000000000000e+00,0.000000000000000000e+00
6.525493949826811857e+00,6.525493949826811857e+00,4.747251017042870558e-01,7.402341129710698908e-02,0.000000000000000000e+00,0.000000000000000000e+00,0.000000000000000000e+00,0.000000000000000000e+00,0.000000000000000000e+00,0.000000000000000000e+00,0.000000000000000000e+00
3.118031616322306299e+00,3.118031616322306299e+00,3.118031616322306299e+00,2.792352969280085695e+00,2.792352969280085695e+00,2.792352969280085695e+00,2.501974228464084682e+00,5.378075237254220653e-01,5.378075237254220653e-01,5.378075237254220653e-01,4.156114870996967525e-01
3.393519099285378093e+00,2.605862528497222996e+00,3.227897825095684681e-01,3.227897825095684681e-01,3.227897825095684681e-01,5.375762842636078176e-03,0.000000000000000000e+00,0.000000000000000000e+00,0.000000000000000000e+00,0.000000000000000000e+00,0.000000000000000000e+00
2.854345452144269935e+00,2.455116501931599693e+00,2.455116501931599693e+00,2.455116501931599693e+00,2.455116501931599693e+00,2.455116501931599693e+00,2.455116501931599693e+00,9.575674004900891489e-01,9.575674004900891489e-01,1.535235961700820440e-02,1.535235961700820440e-02
2.128023016988578764e+00,6.815863770292400758e-01,5.742520817864704696e-02,5.545686907487912265e-02,5.545686907487912265e-02,0.000000000000000000e+00,0.000000000000000000e+00,0.000000000000000000e+00,0.000000000000000000e+00,0.000000000000000000e+00,0.000000000000000000e+00
2.834013474042124781e+00,2.834013474042124781e+00,2.409337532736115506e+00,2.409337532736115506e+00,2.409337532736115506e+00,9.451908324766806757e-01,9.451908324766806757e-01,9.451908324766806757e-01,9.451908324766806757e-01,0.000000000000000000e+00,0.000000000000000000e+00
1.368382962773637246e+00,8.104716222281282967e-01,8.104716222281282967e-01,9.850274763003064038e-02,0.000000000000000000e+00,0.000000000000000000e+00,0.000000000000000000e+00,0.000000000000000000e+00,0.000000000000000000e+00,0.000000000000000000e+00,0.000000000000000000e+00
1.920346625306786237e+00,1.920346625306786237e+00,0.000000000000000000e+00,0.000000000000000000e+00,0.000000000000000000e+00,0.000000000000000000e+00,0.000000000000000000e+00,0.000000000000000000e+00,0.000000000000000000e+00,0.000000000000000000e+00,0.000000000000000000e+00
2.082324068182025645e+00,1.154312987809378299e-01,3.274167443323960924e-02,3.274167443323960924e-02,3.274167443323960924e-02,1.245534450035279406e-03,0.000000000000000000e+00,0.000000000000000000e+00,0.000000000000000000e+00,0.000000000000000000e+00,0.000000000000000000e+00
3.592770881252427273e-02,0.000000000000000000e+00,0.000000000000000000e+00,0.000000000000000000e+00,0.000000000000000000e+00,0.000000000000000000e+00,0.000000000000000000e+00,0.000000000000000000e+00,0.000000000000000000e+00,0.000000000000000000e+00,0.000000000000000000e+00
4.748437962271214730e-01,9.669900044158818986e-02,9.669900044158818986e-02,9.669900044158818986e-02,2.266247656223452367e-02,0.000000000000000000e+00,0.000000000000000000e+00,0.000000000000000000e+00,0.000000000000000000e+00,0.000000000000000000e+00,0.000000000000000000e+00
3.451127616559576339e+00,2.566148808530339664e-01,5.462539181452452652e-02,0.000000000000000000e+00,0.000000000000000000e+00,0.000000000000000000e+00,0.000000000000000000e+00,0.000000000000000000e+00,0.000000000000000000e+00,0.000000000000000000e+00,0.000000000000000000e+00
9.273482694007455507e-01,7.471732343309565039e-01,1.191194798963497448e-01,0.000000000000000000e+00,0.000000000000000000e+00,0.000000000000000000e+00,0.000000000000000000e+00,0.000000000000000000e+00,0.000000000000000000e+00,0.000000000000000000e+00,0.000000000000000000e+00
1.496656242084522859e+00,2.036198292007718180e-01,5.158873514664019666e-02,0.000000000000000000e+00,0.000000000000000000e+00,0.000000000000000000e+00,0.000000000000000000e+00,0.000000000000000000e+00,0.000000000000000000e+00,0.000000000000000000e+00,0.000000000000000000e+00
2.068297259794599441e+00,2.355063477868055699e-01,7.997835250147211639e-02,0.000000000000000000e+00,0.000000000000000000e+00,0.000000000000000000e+00,0.000000000000000000e+00,0.000000000000000000e+00,0.000000000000000000e+00,0.000000000000000000e+00,0.000000000000000000e+00
1.326574975783462840e+00,2.040844087966142695e-01,1.084292509237174684e-01,9.855020357198540637e-03,9.855020357198540637e-03,0.000000000000000000e+00,0.000000000000000000e+00,0.000000000000000000e+00,0.000000000000000000e+00,0.000000000000000000e+00,0.000000000000000000e+00
1.339750758507622486e+00,1.286230500469569549e+00,1.052005512218672223e+00,1.052005512218672223e+00,1.052005512218672223e+00,1.052005512218672223e+00,1.052005512218672223e+00,1.052005512218672223e+00,1.052005512218672223e+00,1.052005512218672223e+00,1.052005512218672223e+00
1.142690587394124879e+00,1.406973081844320461e-01,1.056890789817899190e-02,0.000000000000000000e+00,0.000000000000000000e+00,0.000000000000000000e+00,0.000000000000000000e+00,0.000000000000000000e+00,0.000000000000000000e+00,0.000000000000000000e+00,0.000000000000000000e+00
1.234487642762811532e-01,1.234487642762811532e-01,6.764623048783668935e-02,6.764623048783668935e-02,6.764623048783668935e-02,6.764623048783668935e-02,6.764623048783668935e-02,2.054047850893248039e-02,1.377283191540001894e-02,1.377283191540001894e-02,8.171309643944191237e-03
9.672679656204330456e-01,1.384469536240020560e-01,5.193597938199179254e-02,5.193597938199179254e-02,0.000000000000000000e+00,0.000000000000000000e+00,0.000000000000000000e+00,0.000000000000000000e+00,0.000000000000000000e+00,0.000000000000000000e+00,0.000000000000000000e+00
1.574152535392262742e+00,3.843915323167195197e-01,2.638993064151229362e-02,0.000000000000000000e+00,0.000000000000000000e+00,0.000000000000000000e+00,0.000000000000000000e+00,0.000000000000000000e+00,0.000000000000000000e+00,0.000000000000000000e+00,0.000000000000000000e+00
1.384084193168606980e+00,1.384084193168606980e+00,0.000000000000000000e+00,0.000000000000000000e+00,0.000000000000000000e+00,0.000000000000000000e+00,0.000000000000000000e+00,0.000000000000000000e+00,0.000000000000000000e+00,0.000000000000000000e+00,0.000000000000000000e+00
5.714478035921572996e-01,5.658744127051260620e-01,1.632769650076593138e-01,0.000000000000000000e+00,0.000000000000000000e+00,0.000000000000000000e+00,0.000000000000000000e+00,0.000000000000000000e+00,0.000000000000000000e+00,0.000000000000000000e+00,0.000000000000000000e+00
9.396966954777328240e-01,1.536688570750008864e-01,1.562395518496817459e-02,2.785610917587888480e-03,2.785610917587888480e-03,0.000000000000000000e+00,0.000000000000000000e+00,0.000000000000000000e+00,0.000000000000000000e+00,0.000000000000000000e+00,0.000000000000000000e+00
1.640963214812236615e-01,1.640963214812236615e-01,7.710123728863482739e-02,0.000000000000000000e+00,0.000000000000000000e+00,0.000000000000000000e+00,0.000000000000000000e+00,0.000000000000000000e+00,0.000000000000000000e+00,0.000000000000000000e+00,0.000000000000000000e+00
2.354006604616813547e+00,2.354006604616813547e+00,1.788750441669179292e+00,1.788750441669179292e+00,1.788750441669179292e+00,1.788750441669179292e+00,1.268613015753734530e-01,5.201487546171446041e-02,0.000000000000000000e+00,0.000000000000000000e+00,0.000000000000000000e+00
9.647284661806985184e-01,5.086890783433162255e-02,5.484404832382772099e-03,5.484404832382772099e-03,5.484404832382772099e-03,0.000000000000000000e+00,0.000000000000000000e+00,0.000000000000000000e+00,0.000000000000000000e+00,0.000000000000000000e+00,0.000000000000000000e+00
