4.296295003750779884e+00,1.112030608026803868e+00,2.898514830827938482e-01,8.710579403624407746e-02,8.335024589966089081e-02,0.000000000000000000e+00,0.000000000000000000e+00,0.000000000000000000e+00,0.000000000000000000e+00,0.000000000000000000e+00,0.000000000000000000e+00
6.131111221602338901e-01,6.131111221602338901e-01,1.203595621626796230e-01,1.742534089357228311e-02,0.000000000000000000e+00,0.000000000000000000e+00,0.000000000000000000e+00,0.000000000000000000e+00,0.000000000000000000e+00,0.000000000000000000e+00,0.000000000000000000e+00
1.782468814758965792e+00,1.782468814758965792e+00,3.508914123629871540e-01,2.483319234432457279e-02,0.000000000000000000e+00,0.000000000000000000e+00,0.000000000000000000e+00,0.000000000000000000e+00,0.000000000000000000e+00,0.000000000000000000e+00,0.000000000000000000e+00
3.673296632021609831e+00,3.673296632021609831e+00,3.365352435624661354e+00,3.365352435624661354e+00,3.365352435624661354e+00,3.364054982521368586e+00,3.300958729697813787e+00,3.300958729697813787e+00,3.296197627989203127e+00,3.269078551666462218e+00,3.269078551666462218e+00
1.571046741841635619e+00,1.271616804551806812e+00,2.754836780141598496e-01,2.754836780141598496e-01,6.732163721272854673e-02,0.000000000000000000e+00,0.000000000000000000e+00,0.000000000000000000e+00,0.000000000000000000e+00,0.000000000000000000e+00,0.000000000000000000e+00
1.886485878109045000e+00,1.886485878109045000e+00,1.886485878109045000e+00,5.693969195161585617e-02,5.693969195161585617e-02,5.693969195161585617e-02,0.000000000000000000e+00,0.000000000000000000e+00,0.000000000000000000e+00,0.000000000000000000e+00,0.000000000000000000e+00
1.018184473394113887e+00,1.018184473394113887e+00,7.491405754175133325e-01,7.491405754175133325e-01,7.414327711952495292e-02,0.000000000000000000e+00,0.000000000000000000e+00,0.000000000000000000e+00,0.000000000000000000e+00,0.000000000000000000e+00,0.000000000000000000e+00
7.661174999579536404e-01,7.909100958583437091e-02,1.093222347523692406e-02,0.000000000000000000e+00,0.000000000000000000e+00,0.000000000000000000e+00,0.000000000000000000e+00,0.000000000000000000e+00,0.000000000000000000e+00,0.000000000000000000e+00,0.000000000000000000e+00
1.958768916495312595e-01,1.084674572957435856e-01,1.084674572957435856e-01,0.000000000000000000e+00,0.000000000000000000e+00,0.000000000000000000e+00,0.000000000000000000e+00,0.000000000000000000e+00,0.000000000000000000e+00,0.000000000000000000e+00,0.000000000000000000e+00
1.969125250295551410e-01,1.368724361163558001e-01,1.664989840335806548e-02,1.664989840335806548e-02,1.664989840335806548e-02,1.664989840335806548e-02,0.000000000000000000e+00,0.000000000000000000e+00,0.000000000000000000e+00,0.000000000000000000e+00,0.000000000000000000e+00
