4.296295003750779884e+00,1.112030608026803868e+00,8.710579403624407746e-02,8.710579403624407746e-02,1.717027860315489818e-02,0.000000000000000000e+00,0.000000000000000000e+00,0.000000000000000000e+00,0.000000000000000000e+00,0.000000000000000000e+00,0.000000000000000000e+00
6.131111221602338901e-01,6.131111221602338901e-01,6.131111221602338901e-01,1.203595621626796230e-01,5.935340289704349459e-02,0.000000000000000000e+00,0.000000000000000000e+00,0.000000000000000000e+00,0.000000000000000000e+00,0.000000000000000000e+00,0.000000000000000000e+00
1.782468814758965792e+00,1.782468814758965792e+00,1.111691085155861458e-01,1.111691085155861458e-01,0.000000000000000000e+00,0.000000000000000000e+00,0.000000000000000000e+00,0.000000000000000000e+00,0.000000000000000000e+00,0.000000000000000000e+00,0.000000000000000000e+00
3.673296632021609831e+00,3.673296632021609831e+00,3.365352435624661354e+00,3.365352435624661354e+00,3.365352435624661354e+00,3.364054982521368586e+00,3.300958729697813787e+00,3.300958729697813787e+00,3.296197627989203127e+00,3.269078551666462218e+00,3.269078551666462218e+00
1.571046741841635619e+00,1.571046741841635619e+00,1.571046741841635619e+00,1.571046741841635619e+00,9.824235731394095339e-01,9.824235731394095339e-01,3.715824553728115376e-01,3.715824553728115376e-01,3.715824553728115376e-01,3.715824553728115376e-01,3.715824553728115376e-01
1.886485878109045000e+00,1.886485878109045000e+00,4.689676737099928161e-01,4.689676737099928161e-01,4.689676737099928161e-01,4.689676737099928161e-01,4.689676737099928161e-01,1.926821656886241740e-01,5.646720800235360826e-02,5.646720800235360826e-02,5.646720800235360826e-02
1.018184473394113887e+00,1.018184473394113887e+00,4.871910726266195368e-01,4.871910726266195368e-01,0.000000000000000000e+00,0.000000000000000000e+00,0.000000000000000000e+00,0.000000000000000000e+00,0.000000000000000000e+00,0.000000000000000000e+00,0.000000000000000000e+00
7.661174999579536404e-01,1.093222347523692406e-02,1.093222347523692406e-02,1.093222347523692406e-02,0.000000000000000000e+00,0.000000000000000000e+00,0.000000000000000000e+00,0.000000000000000000e+00,0.000000000000000000e+00,0.000000000000000000e+00,0.000000000000000000e+00
1.958768916495312595e-01,1.958768916495312595e-01,2.026572160393769195e-02,2.026572160393769195e-02,0.000000000000000000e+00,0.000000000000000000e+00,0.000000000000000000e+00,0.000000000000000000e+00,0.000000000000000000e+00,0.000000000000000000e+00,0.000000000000000000e+00
1.969125250295551410e-01,1.368724361163558001e-01,2.877198521327706260e-02,1.664989840335806548e-02,1.664989840335806548e-02,1.664989840335806548e-02,1.664989840335806548e-02,1.664989840335806548e-02,0.000000000000000000e+00,0.000000000000000000e+00,0.000000000000000000e+00
