4.296295003750779884e+00,8.710579403624407746e-02,8.710579403624407746e-02,1.717027860315489818e-02,1.717027860315489818e-02,0.000000000000000000e+00,0.000000000000000000e+00,0.000000000000000000e+00,0.000000000000000000e+00,0.000000000000000000e+00,0.000000000000000000e+00
6.131111221602338901e-01,6.131111221602338901e-01,6.131111221602338901e-01,1.742534089357228311e-02,0.000000000000000000e+00,0.000000000000000000e+00,0.000000000000000000e+00,0.000000000000000000e+00,0.000000000000000000e+00,0.000000000000000000e+00,0.000000000000000000e+00
1.782468814758965792e+00,1.782468814758965792e+00,0.000000000000000000e+00,0.000000000000000000e+00,0.000000000000000000e+00,0.000000000000000000e+00,0.000000000000000000e+00,0.000000000000000000e+00,0.000000000000000000e+00,0.000000000000000000e+00,0.000000000000000000e+00
3.673296632021609831e+00,3.673296632021609831e+00,3.673296632021609831e+00,3.673296632021609831e+00,3.423269409451092926e+00,3.423269409451092926e+00,3.423269409451092926e+00,3.423269409451092926e+00,0.000000000000000000e+00,0.000000000000000000e+00,0.000000000000000000e+00
1.571046741841635619e+00,1.571046741841635619e+00,1.571046741841635619e+00,1.302179011385816487e+00,1.302179011385816487e+00,6.584640578171327974e-01,6.584640578171327974e-01,6.584640578171327974e-01,6.584640578171327974e-01,6.584640578171327974e-01,6.584640578171327974e-01
1.886485878109045000e+00,1.886485878109045000e+00,5.036482361747323111e-01,5.036482361747323111e-01,5.036482361747323111e-01,5.036482361747323111e-01,5.036482361747323111e-01,5.036482361747323111e-01,5.036482361747323111e-01,5.036482361747323111e-01,5.036482361747323111e-01
1.018184473394113887e+00,1.018184473394113887e+00,4.871910726266195368e-01,8.335402990310214477e-03,0.000000000000000000e+00,0.000000000000000000e+00,0.000000000000000000e+00,0.000000000000000000e+00,0.000000000000000000e+00,0.000000000000000000e+00,0.000000000000000000e+00
7.661174999579536404e-01,1.093222347523692406e-02,1.093222347523692406e-02,0.000000000000000000e+00,0.000000000000000000e+00,0.000000000000000000e+00,0.000000000000000000e+00,0.000000000000000000e+00,0.000000000000000000e+00,0.000000000000000000e+00,0.000000000000000000e+00
1.958768916495312595e-01,1.958768916495312595e-01,0.000000000000000000e+00,0.000000000000000000e+00,0.000000000000000000e+00,0.000000000000000000e+00,0.000000000000000000e+00,0.000000000000000000e+00,0.000000000000000000e+00,0.000000000000000000e+00,0.000000000000000000e+00
1.969125250295551410e-01,1.368724361163558001e-01,1.664989840335806548e-02,1.664989840335806548e-02,1.664989840335806548e-02,1.664989840335806548e-02,0.000000000000000000e+00,0.000000000000000000e+00,0.000000000000000000e+00,0.000000000000000000e+00,0.000000000000000000e+00
